(kicad_pcb (version 20171130) (host pcbnew "(5.0.0)")

  (general
    (thickness 1.6)
    (drawings 4)
    (tracks 516)
    (zones 0)
    (modules 55)
    (nets 77)
  )

  (page A4)
  (layers
    (0 F.Cu signal)
    (31 B.Cu signal)
    (32 B.Adhes user)
    (33 F.Adhes user)
    (34 B.Paste user)
    (35 F.Paste user)
    (36 B.SilkS user)
    (37 F.SilkS user)
    (38 B.Mask user)
    (39 F.Mask user)
    (40 Dwgs.User user)
    (41 Cmts.User user)
    (42 Eco1.User user)
    (43 Eco2.User user)
    (44 Edge.Cuts user)
    (45 Margin user)
    (46 B.CrtYd user)
    (47 F.CrtYd user)
    (48 B.Fab user)
    (49 F.Fab user)
  )

  (setup
    (last_trace_width 0.25)
    (trace_clearance 0.2)
    (zone_clearance 0.508)
    (zone_45_only no)
    (trace_min 0.2)
    (segment_width 0.2)
    (edge_width 0.15)
    (via_size 0.8)
    (via_drill 0.4)
    (via_min_size 0.4)
    (via_min_drill 0.3)
    (uvia_size 0.3)
    (uvia_drill 0.1)
    (uvias_allowed no)
    (uvia_min_size 0.2)
    (uvia_min_drill 0.1)
    (pcb_text_width 0.3)
    (pcb_text_size 1.5 1.5)
    (mod_edge_width 0.15)
    (mod_text_size 1 1)
    (mod_text_width 0.15)
    (pad_size 1.524 1.524)
    (pad_drill 0.762)
    (pad_to_mask_clearance 0.2)
    (aux_axis_origin 0 0)
    (visible_elements FFFFFF7F)
    (pcbplotparams
      (layerselection 0x010fc_ffffffff)
      (usegerberextensions false)
      (usegerberattributes false)
      (usegerberadvancedattributes false)
      (creategerberjobfile false)
      (excludeedgelayer true)
      (linewidth 0.100000)
      (plotframeref false)
      (viasonmask false)
      (mode 1)
      (useauxorigin false)
      (hpglpennumber 1)
      (hpglpenspeed 20)
      (hpglpendiameter 15.000000)
      (psnegative false)
      (psa4output false)
      (plotreference true)
      (plotvalue true)
      (plotinvisibletext false)
      (padsonsilk false)
      (subtractmaskfromsilk false)
      (outputformat 1)
      (mirror false)
      (drillshape 1)
      (scaleselection 1)
      (outputdirectory ""))
  )

  (net 0 "")
  (net 1 "Net-(J1-Pad1)")
  (net 2 "Net-(R2-Pad2)")
  (net 3 "Net-(R13-Pad2)")
  (net 4 "Net-(J2-Pad3)")
  (net 5 "Net-(J2-Pad1)")
  (net 6 "Net-(R12-Pad2)")
  (net 7 +5V)
  (net 8 "Net-(C5-Pad1)")
  (net 9 "Net-(R10-Pad2)")
  (net 10 "Net-(R9-Pad2)")
  (net 11 "Net-(J1-Pad11)")
  (net 12 "Net-(R8-Pad2)")
  (net 13 "Net-(R7-Pad2)")
  (net 14 "Net-(J1-Pad9)")
  (net 15 "Net-(R6-Pad2)")
  (net 16 "Net-(R5-Pad2)")
  (net 17 "Net-(J1-Pad7)")
  (net 18 "Net-(J1-Pad5)")
  (net 19 "Net-(R4-Pad2)")
  (net 20 "Net-(R3-Pad2)")
  (net 21 "Net-(J1-Pad3)")
  (net 22 "Net-(R1-Pad2)")
  (net 23 "Net-(R15-Pad2)")
  (net 24 "Net-(J2-Pad7)")
  (net 25 "Net-(Q1-Pad2)")
  (net 26 "Net-(J3-Pad2)")
  (net 27 "Net-(R17-Pad1)")
  (net 28 "Net-(J3-Pad4)")
  (net 29 "Net-(R19-Pad2)")
  (net 30 "Net-(R20-Pad1)")
  (net 31 "Net-(J3-Pad6)")
  (net 32 "Net-(J3-Pad8)")
  (net 33 "Net-(Q2-Pad2)")
  (net 34 "Net-(R23-Pad2)")
  (net 35 "Net-(R24-Pad1)")
  (net 36 "Net-(J5-Pad2)")
  (net 37 "Net-(R14-Pad2)")
  (net 38 "Net-(J2-Pad5)")
  (net 39 "Net-(C4-Pad2)")
  (net 40 "Net-(RV1-Pad1)")
  (net 41 /Up1)
  (net 42 /Up2)
  (net 43 "Net-(U1-Pad6)")
  (net 44 GND)
  (net 45 "Net-(U4-Pad3)")
  (net 46 "Net-(U1-Pad13)")
  (net 47 "Net-(U4-Pad4)")
  (net 48 "Net-(U2-Pad3)")
  (net 49 "Net-(U4-Pad5)")
  (net 50 "Net-(U2-Pad2)")
  (net 51 "Net-(U4-Pad6)")
  (net 52 "Net-(U2-Pad1)")
  (net 53 "Net-(U3-Pad15)")
  (net 54 "Net-(U4-Pad15)")
  (net 55 /ClkA)
  (net 56 "Net-(U3-Pad6)")
  (net 57 /ClkB)
  (net 58 "Net-(U3-Pad5)")
  (net 59 /ClkC)
  (net 60 "Net-(U3-Pad4)")
  (net 61 /ClkD)
  (net 62 "Net-(U3-Pad3)")
  (net 63 "Net-(U2-Pad13)")
  (net 64 "Net-(U2-Pad7)")
  (net 65 "Net-(U7-Pad7)")
  (net 66 "Net-(U7-Pad11)")
  (net 67 "Net-(U5-Pad13)")
  (net 68 "Net-(U7-Pad9)")
  (net 69 "Net-(U1-Pad11)")
  (net 70 "Net-(U6-Pad6)")
  (net 71 "Net-(U5-Pad6)")
  (net 72 "Net-(U5-Pad5)")
  (net 73 "Net-(U5-Pad8)")
  (net 74 "Net-(U1-Pad8)")
  (net 75 "Net-(C4-Pad1)")
  (net 76 "Net-(F1-Pad2)")

  (net_class Default "Это класс цепей по умолчанию."
    (clearance 0.2)
    (trace_width 0.25)
    (via_dia 0.8)
    (via_drill 0.4)
    (uvia_dia 0.3)
    (uvia_drill 0.1)
    (add_net +5V)
    (add_net /ClkA)
    (add_net /ClkB)
    (add_net /ClkC)
    (add_net /ClkD)
    (add_net /Up1)
    (add_net /Up2)
    (add_net GND)
    (add_net "Net-(C4-Pad1)")
    (add_net "Net-(C4-Pad2)")
    (add_net "Net-(C5-Pad1)")
    (add_net "Net-(F1-Pad2)")
    (add_net "Net-(J1-Pad1)")
    (add_net "Net-(J1-Pad11)")
    (add_net "Net-(J1-Pad3)")
    (add_net "Net-(J1-Pad5)")
    (add_net "Net-(J1-Pad7)")
    (add_net "Net-(J1-Pad9)")
    (add_net "Net-(J2-Pad1)")
    (add_net "Net-(J2-Pad3)")
    (add_net "Net-(J2-Pad5)")
    (add_net "Net-(J2-Pad7)")
    (add_net "Net-(J3-Pad2)")
    (add_net "Net-(J3-Pad4)")
    (add_net "Net-(J3-Pad6)")
    (add_net "Net-(J3-Pad8)")
    (add_net "Net-(J5-Pad2)")
    (add_net "Net-(Q1-Pad2)")
    (add_net "Net-(Q2-Pad2)")
    (add_net "Net-(R1-Pad2)")
    (add_net "Net-(R10-Pad2)")
    (add_net "Net-(R12-Pad2)")
    (add_net "Net-(R13-Pad2)")
    (add_net "Net-(R14-Pad2)")
    (add_net "Net-(R15-Pad2)")
    (add_net "Net-(R17-Pad1)")
    (add_net "Net-(R19-Pad2)")
    (add_net "Net-(R2-Pad2)")
    (add_net "Net-(R20-Pad1)")
    (add_net "Net-(R23-Pad2)")
    (add_net "Net-(R24-Pad1)")
    (add_net "Net-(R3-Pad2)")
    (add_net "Net-(R4-Pad2)")
    (add_net "Net-(R5-Pad2)")
    (add_net "Net-(R6-Pad2)")
    (add_net "Net-(R7-Pad2)")
    (add_net "Net-(R8-Pad2)")
    (add_net "Net-(R9-Pad2)")
    (add_net "Net-(RV1-Pad1)")
    (add_net "Net-(U1-Pad11)")
    (add_net "Net-(U1-Pad13)")
    (add_net "Net-(U1-Pad6)")
    (add_net "Net-(U1-Pad8)")
    (add_net "Net-(U2-Pad1)")
    (add_net "Net-(U2-Pad13)")
    (add_net "Net-(U2-Pad2)")
    (add_net "Net-(U2-Pad3)")
    (add_net "Net-(U2-Pad7)")
    (add_net "Net-(U3-Pad15)")
    (add_net "Net-(U3-Pad3)")
    (add_net "Net-(U3-Pad4)")
    (add_net "Net-(U3-Pad5)")
    (add_net "Net-(U3-Pad6)")
    (add_net "Net-(U4-Pad15)")
    (add_net "Net-(U4-Pad3)")
    (add_net "Net-(U4-Pad4)")
    (add_net "Net-(U4-Pad5)")
    (add_net "Net-(U4-Pad6)")
    (add_net "Net-(U5-Pad13)")
    (add_net "Net-(U5-Pad5)")
    (add_net "Net-(U5-Pad6)")
    (add_net "Net-(U5-Pad8)")
    (add_net "Net-(U6-Pad6)")
    (add_net "Net-(U7-Pad11)")
    (add_net "Net-(U7-Pad7)")
    (add_net "Net-(U7-Pad9)")
  )

  (module MountingHole:MountingHole_3.2mm_M3 (layer F.Cu) (tedit 56D1B4CB) (tstamp 5BDF589A)
    (at 175.26 86.36)
    (descr "Mounting Hole 3.2mm, no annular, M3")
    (tags "mounting hole 3.2mm no annular m3")
    (path /5BDBF5D5)
    (attr virtual)
    (fp_text reference MH4 (at 0 -4.2) (layer F.SilkS)
      (effects (font (size 1 1) (thickness 0.15)))
    )
    (fp_text value - (at 0 4.2) (layer F.Fab)
      (effects (font (size 1 1) (thickness 0.15)))
    )
    (fp_circle (center 0 0) (end 3.45 0) (layer F.CrtYd) (width 0.05))
    (fp_circle (center 0 0) (end 3.2 0) (layer Cmts.User) (width 0.15))
    (fp_text user %R (at 0.3 0) (layer F.Fab)
      (effects (font (size 1 1) (thickness 0.15)))
    )
    (pad 1 np_thru_hole circle (at 0 0) (size 3.2 3.2) (drill 3.2) (layers *.Cu *.Mask))
  )

  (module MountingHole:MountingHole_3.2mm_M3 (layer F.Cu) (tedit 56D1B4CB) (tstamp 5BDF5892)
    (at 86.36 86.36)
    (descr "Mounting Hole 3.2mm, no annular, M3")
    (tags "mounting hole 3.2mm no annular m3")
    (path /5BDBF4A7)
    (attr virtual)
    (fp_text reference MH2 (at 0 -4.2) (layer F.SilkS)
      (effects (font (size 1 1) (thickness 0.15)))
    )
    (fp_text value - (at 0 4.2) (layer F.Fab)
      (effects (font (size 1 1) (thickness 0.15)))
    )
    (fp_text user %R (at 0.3 0) (layer F.Fab)
      (effects (font (size 1 1) (thickness 0.15)))
    )
    (fp_circle (center 0 0) (end 3.2 0) (layer Cmts.User) (width 0.15))
    (fp_circle (center 0 0) (end 3.45 0) (layer F.CrtYd) (width 0.05))
    (pad 1 np_thru_hole circle (at 0 0) (size 3.2 3.2) (drill 3.2) (layers *.Cu *.Mask))
  )

  (module MountingHole:MountingHole_3.2mm_M3 (layer F.Cu) (tedit 56D1B4CB) (tstamp 5BDF687B)
    (at 175.26 40.64)
    (descr "Mounting Hole 3.2mm, no annular, M3")
    (tags "mounting hole 3.2mm no annular m3")
    (path /5BDBF53D)
    (attr virtual)
    (fp_text reference MH3 (at 0 -4.2) (layer F.SilkS)
      (effects (font (size 1 1) (thickness 0.15)))
    )
    (fp_text value - (at 0 4.2) (layer F.Fab)
      (effects (font (size 1 1) (thickness 0.15)))
    )
    (fp_circle (center 0 0) (end 3.45 0) (layer F.CrtYd) (width 0.05))
    (fp_circle (center 0 0) (end 3.2 0) (layer Cmts.User) (width 0.15))
    (fp_text user %R (at 0.3 0) (layer F.Fab)
      (effects (font (size 1 1) (thickness 0.15)))
    )
    (pad 1 np_thru_hole circle (at 0 0) (size 3.2 3.2) (drill 3.2) (layers *.Cu *.Mask))
  )

  (module MountingHole:MountingHole_3.2mm_M3 (layer F.Cu) (tedit 56D1B4CB) (tstamp 5BDF63A2)
    (at 86.36 40.64)
    (descr "Mounting Hole 3.2mm, no annular, M3")
    (tags "mounting hole 3.2mm no annular m3")
    (path /5BDBEDEC)
    (attr virtual)
    (fp_text reference MH1 (at 0 -4.2) (layer F.SilkS)
      (effects (font (size 1 1) (thickness 0.15)))
    )
    (fp_text value - (at 0 4.2) (layer F.Fab)
      (effects (font (size 1 1) (thickness 0.15)))
    )
    (fp_text user %R (at 0.3 0) (layer F.Fab)
      (effects (font (size 1 1) (thickness 0.15)))
    )
    (fp_circle (center 0 0) (end 3.2 0) (layer Cmts.User) (width 0.15))
    (fp_circle (center 0 0) (end 3.45 0) (layer F.CrtYd) (width 0.05))
    (pad 1 np_thru_hole circle (at 0 0) (size 3.2 3.2) (drill 3.2) (layers *.Cu *.Mask))
  )

  (module Housings_DIP:DIP-14_W7.62mm_Socket_LongPads (layer F.Cu) (tedit 58CC8E2C) (tstamp 5BDAF567)
    (at 153.67 40.64)
    (descr "14-lead dip package, row spacing 7.62 mm (300 mils), Socket, LongPads")
    (tags "DIL DIP PDIP 2.54mm 7.62mm 300mil Socket LongPads")
    (path /5BD358FF)
    (fp_text reference U5 (at 3.81 -2.39) (layer F.SilkS)
      (effects (font (size 1 1) (thickness 0.15)))
    )
    (fp_text value 74LS74 (at 3.81 17.63) (layer F.Fab)
      (effects (font (size 1 1) (thickness 0.15)))
    )
    (fp_arc (start 3.81 -1.39) (end 2.81 -1.39) (angle -180) (layer F.SilkS) (width 0.12))
    (fp_line (start 9.3 -1.7) (end -1.7 -1.7) (layer F.CrtYd) (width 0.05))
    (fp_line (start 9.3 16.9) (end 9.3 -1.7) (layer F.CrtYd) (width 0.05))
    (fp_line (start -1.7 16.9) (end 9.3 16.9) (layer F.CrtYd) (width 0.05))
    (fp_line (start -1.7 -1.7) (end -1.7 16.9) (layer F.CrtYd) (width 0.05))
    (fp_line (start 9.01 -1.39) (end -1.39 -1.39) (layer F.SilkS) (width 0.12))
    (fp_line (start 9.01 16.63) (end 9.01 -1.39) (layer F.SilkS) (width 0.12))
    (fp_line (start -1.39 16.63) (end 9.01 16.63) (layer F.SilkS) (width 0.12))
    (fp_line (start -1.39 -1.39) (end -1.39 16.63) (layer F.SilkS) (width 0.12))
    (fp_line (start 6.18 -1.39) (end 4.81 -1.39) (layer F.SilkS) (width 0.12))
    (fp_line (start 6.18 16.63) (end 6.18 -1.39) (layer F.SilkS) (width 0.12))
    (fp_line (start 1.44 16.63) (end 6.18 16.63) (layer F.SilkS) (width 0.12))
    (fp_line (start 1.44 -1.39) (end 1.44 16.63) (layer F.SilkS) (width 0.12))
    (fp_line (start 2.81 -1.39) (end 1.44 -1.39) (layer F.SilkS) (width 0.12))
    (fp_line (start 8.89 -1.27) (end -1.27 -1.27) (layer F.Fab) (width 0.1))
    (fp_line (start 8.89 16.51) (end 8.89 -1.27) (layer F.Fab) (width 0.1))
    (fp_line (start -1.27 16.51) (end 8.89 16.51) (layer F.Fab) (width 0.1))
    (fp_line (start -1.27 -1.27) (end -1.27 16.51) (layer F.Fab) (width 0.1))
    (fp_line (start 0.635 -0.27) (end 1.635 -1.27) (layer F.Fab) (width 0.1))
    (fp_line (start 0.635 16.51) (end 0.635 -0.27) (layer F.Fab) (width 0.1))
    (fp_line (start 6.985 16.51) (end 0.635 16.51) (layer F.Fab) (width 0.1))
    (fp_line (start 6.985 -1.27) (end 6.985 16.51) (layer F.Fab) (width 0.1))
    (fp_line (start 1.635 -1.27) (end 6.985 -1.27) (layer F.Fab) (width 0.1))
    (fp_text user %R (at 3.81 7.62) (layer F.Fab)
      (effects (font (size 1 1) (thickness 0.15)))
    )
    (pad 14 thru_hole oval (at 7.62 0) (size 2.4 1.6) (drill 0.8) (layers *.Cu *.Mask)
      (net 7 +5V))
    (pad 7 thru_hole oval (at 0 15.24) (size 2.4 1.6) (drill 0.8) (layers *.Cu *.Mask)
      (net 44 GND))
    (pad 13 thru_hole oval (at 7.62 2.54) (size 2.4 1.6) (drill 0.8) (layers *.Cu *.Mask)
      (net 67 "Net-(U5-Pad13)"))
    (pad 6 thru_hole oval (at 0 12.7) (size 2.4 1.6) (drill 0.8) (layers *.Cu *.Mask)
      (net 71 "Net-(U5-Pad6)"))
    (pad 12 thru_hole oval (at 7.62 5.08) (size 2.4 1.6) (drill 0.8) (layers *.Cu *.Mask)
      (net 9 "Net-(R10-Pad2)"))
    (pad 5 thru_hole oval (at 0 10.16) (size 2.4 1.6) (drill 0.8) (layers *.Cu *.Mask)
      (net 72 "Net-(U5-Pad5)"))
    (pad 11 thru_hole oval (at 7.62 7.62) (size 2.4 1.6) (drill 0.8) (layers *.Cu *.Mask)
      (net 9 "Net-(R10-Pad2)"))
    (pad 4 thru_hole oval (at 0 7.62) (size 2.4 1.6) (drill 0.8) (layers *.Cu *.Mask)
      (net 9 "Net-(R10-Pad2)"))
    (pad 10 thru_hole oval (at 7.62 10.16) (size 2.4 1.6) (drill 0.8) (layers *.Cu *.Mask)
      (net 64 "Net-(U2-Pad7)"))
    (pad 3 thru_hole oval (at 0 5.08) (size 2.4 1.6) (drill 0.8) (layers *.Cu *.Mask)
      (net 63 "Net-(U2-Pad13)"))
    (pad 9 thru_hole oval (at 7.62 12.7) (size 2.4 1.6) (drill 0.8) (layers *.Cu *.Mask)
      (net 35 "Net-(R24-Pad1)"))
    (pad 2 thru_hole oval (at 0 2.54) (size 2.4 1.6) (drill 0.8) (layers *.Cu *.Mask)
      (net 46 "Net-(U1-Pad13)"))
    (pad 8 thru_hole oval (at 7.62 15.24) (size 2.4 1.6) (drill 0.8) (layers *.Cu *.Mask)
      (net 73 "Net-(U5-Pad8)"))
    (pad 1 thru_hole rect (at 0 0) (size 2.4 1.6) (drill 0.8) (layers *.Cu *.Mask)
      (net 8 "Net-(C5-Pad1)"))
    (model ${KISYS3DMOD}/Housings_DIP.3dshapes/DIP-14_W7.62mm_Socket_LongPads.wrl
      (at (xyz 0 0 0))
      (scale (xyz 1 1 1))
      (rotate (xyz 0 0 0))
    )
  )

  (module Capacitor_SMD:C_0805_2012Metric_Pad1.15x1.40mm_HandSolder (layer B.Cu) (tedit 5B36C52B) (tstamp 5BDAE740)
    (at 157.48 49.14 270)
    (descr "Capacitor SMD 0805 (2012 Metric), square (rectangular) end terminal, IPC_7351 nominal with elongated pad for handsoldering. (Body size source: https://docs.google.com/spreadsheets/d/1BsfQQcO9C6DZCsRaXUlFlo91Tg2WpOkGARC1WS5S8t0/edit?usp=sharing), generated with kicad-footprint-generator")
    (tags "capacitor handsolder")
    (path /5BD458A9)
    (attr smd)
    (fp_text reference C5 (at 0 1.65 270) (layer B.SilkS)
      (effects (font (size 1 1) (thickness 0.15)) (justify mirror))
    )
    (fp_text value 10,0 (at 0 -1.65 270) (layer B.Fab)
      (effects (font (size 1 1) (thickness 0.15)) (justify mirror))
    )
    (fp_line (start -1 -0.6) (end -1 0.6) (layer B.Fab) (width 0.1))
    (fp_line (start -1 0.6) (end 1 0.6) (layer B.Fab) (width 0.1))
    (fp_line (start 1 0.6) (end 1 -0.6) (layer B.Fab) (width 0.1))
    (fp_line (start 1 -0.6) (end -1 -0.6) (layer B.Fab) (width 0.1))
    (fp_line (start -0.261252 0.71) (end 0.261252 0.71) (layer B.SilkS) (width 0.12))
    (fp_line (start -0.261252 -0.71) (end 0.261252 -0.71) (layer B.SilkS) (width 0.12))
    (fp_line (start -1.85 -0.95) (end -1.85 0.95) (layer B.CrtYd) (width 0.05))
    (fp_line (start -1.85 0.95) (end 1.85 0.95) (layer B.CrtYd) (width 0.05))
    (fp_line (start 1.85 0.95) (end 1.85 -0.95) (layer B.CrtYd) (width 0.05))
    (fp_line (start 1.85 -0.95) (end -1.85 -0.95) (layer B.CrtYd) (width 0.05))
    (fp_text user %R (at 0 0 270) (layer B.Fab)
      (effects (font (size 0.5 0.5) (thickness 0.08)) (justify mirror))
    )
    (pad 1 smd roundrect (at -1.025 0 270) (size 1.15 1.4) (layers B.Cu B.Paste B.Mask) (roundrect_rratio 0.217391)
      (net 8 "Net-(C5-Pad1)"))
    (pad 2 smd roundrect (at 1.025 0 270) (size 1.15 1.4) (layers B.Cu B.Paste B.Mask) (roundrect_rratio 0.217391)
      (net 44 GND))
    (model ${KISYS3DMOD}/Capacitor_SMD.3dshapes/C_0805_2012Metric.wrl
      (at (xyz 0 0 0))
      (scale (xyz 1 1 1))
      (rotate (xyz 0 0 0))
    )
  )

  (module Capacitor_SMD:C_1206_3216Metric_Pad1.42x1.75mm_HandSolder (layer B.Cu) (tedit 5B301BBE) (tstamp 5BDAE72F)
    (at 114.3 42.1275 270)
    (descr "Capacitor SMD 1206 (3216 Metric), square (rectangular) end terminal, IPC_7351 nominal with elongated pad for handsoldering. (Body size source: http://www.tortai-tech.com/upload/download/2011102023233369053.pdf), generated with kicad-footprint-generator")
    (tags "capacitor handsolder")
    (path /5BD35EFC)
    (attr smd)
    (fp_text reference C1 (at 0 1.82 270) (layer B.SilkS)
      (effects (font (size 1 1) (thickness 0.15)) (justify mirror))
    )
    (fp_text value 0,1 (at 0 -1.82 270) (layer B.Fab)
      (effects (font (size 1 1) (thickness 0.15)) (justify mirror))
    )
    (fp_text user %R (at 0 0 270) (layer B.Fab)
      (effects (font (size 0.8 0.8) (thickness 0.12)) (justify mirror))
    )
    (fp_line (start 2.45 -1.12) (end -2.45 -1.12) (layer B.CrtYd) (width 0.05))
    (fp_line (start 2.45 1.12) (end 2.45 -1.12) (layer B.CrtYd) (width 0.05))
    (fp_line (start -2.45 1.12) (end 2.45 1.12) (layer B.CrtYd) (width 0.05))
    (fp_line (start -2.45 -1.12) (end -2.45 1.12) (layer B.CrtYd) (width 0.05))
    (fp_line (start -0.602064 -0.91) (end 0.602064 -0.91) (layer B.SilkS) (width 0.12))
    (fp_line (start -0.602064 0.91) (end 0.602064 0.91) (layer B.SilkS) (width 0.12))
    (fp_line (start 1.6 -0.8) (end -1.6 -0.8) (layer B.Fab) (width 0.1))
    (fp_line (start 1.6 0.8) (end 1.6 -0.8) (layer B.Fab) (width 0.1))
    (fp_line (start -1.6 0.8) (end 1.6 0.8) (layer B.Fab) (width 0.1))
    (fp_line (start -1.6 -0.8) (end -1.6 0.8) (layer B.Fab) (width 0.1))
    (pad 2 smd roundrect (at 1.4875 0 270) (size 1.425 1.75) (layers B.Cu B.Paste B.Mask) (roundrect_rratio 0.175439)
      (net 44 GND))
    (pad 1 smd roundrect (at -1.4875 0 270) (size 1.425 1.75) (layers B.Cu B.Paste B.Mask) (roundrect_rratio 0.175439)
      (net 7 +5V))
    (model ${KISYS3DMOD}/Capacitor_SMD.3dshapes/C_1206_3216Metric.wrl
      (at (xyz 0 0 0))
      (scale (xyz 1 1 1))
      (rotate (xyz 0 0 0))
    )
  )

  (module Capacitor_SMD:C_1206_3216Metric_Pad1.42x1.75mm_HandSolder (layer B.Cu) (tedit 5B301BBE) (tstamp 5BDAFF48)
    (at 157.48 54.3925 270)
    (descr "Capacitor SMD 1206 (3216 Metric), square (rectangular) end terminal, IPC_7351 nominal with elongated pad for handsoldering. (Body size source: http://www.tortai-tech.com/upload/download/2011102023233369053.pdf), generated with kicad-footprint-generator")
    (tags "capacitor handsolder")
    (path /5BD36D0A)
    (attr smd)
    (fp_text reference C10 (at 0 1.82 270) (layer B.SilkS)
      (effects (font (size 1 1) (thickness 0.15)) (justify mirror))
    )
    (fp_text value 0,1 (at 0 -1.82 270) (layer B.Fab)
      (effects (font (size 1 1) (thickness 0.15)) (justify mirror))
    )
    (fp_line (start -1.6 -0.8) (end -1.6 0.8) (layer B.Fab) (width 0.1))
    (fp_line (start -1.6 0.8) (end 1.6 0.8) (layer B.Fab) (width 0.1))
    (fp_line (start 1.6 0.8) (end 1.6 -0.8) (layer B.Fab) (width 0.1))
    (fp_line (start 1.6 -0.8) (end -1.6 -0.8) (layer B.Fab) (width 0.1))
    (fp_line (start -0.602064 0.91) (end 0.602064 0.91) (layer B.SilkS) (width 0.12))
    (fp_line (start -0.602064 -0.91) (end 0.602064 -0.91) (layer B.SilkS) (width 0.12))
    (fp_line (start -2.45 -1.12) (end -2.45 1.12) (layer B.CrtYd) (width 0.05))
    (fp_line (start -2.45 1.12) (end 2.45 1.12) (layer B.CrtYd) (width 0.05))
    (fp_line (start 2.45 1.12) (end 2.45 -1.12) (layer B.CrtYd) (width 0.05))
    (fp_line (start 2.45 -1.12) (end -2.45 -1.12) (layer B.CrtYd) (width 0.05))
    (fp_text user %R (at 0 0 270) (layer B.Fab)
      (effects (font (size 0.8 0.8) (thickness 0.12)) (justify mirror))
    )
    (pad 1 smd roundrect (at -1.4875 0 270) (size 1.425 1.75) (layers B.Cu B.Paste B.Mask) (roundrect_rratio 0.175439)
      (net 7 +5V))
    (pad 2 smd roundrect (at 1.4875 0 270) (size 1.425 1.75) (layers B.Cu B.Paste B.Mask) (roundrect_rratio 0.175439)
      (net 44 GND))
    (model ${KISYS3DMOD}/Capacitor_SMD.3dshapes/C_1206_3216Metric.wrl
      (at (xyz 0 0 0))
      (scale (xyz 1 1 1))
      (rotate (xyz 0 0 0))
    )
  )

  (module Capacitor_SMD:C_1206_3216Metric_Pad1.42x1.75mm_HandSolder (layer B.Cu) (tedit 5B301BBE) (tstamp 5BDAE70D)
    (at 158.75 69.4325 270)
    (descr "Capacitor SMD 1206 (3216 Metric), square (rectangular) end terminal, IPC_7351 nominal with elongated pad for handsoldering. (Body size source: http://www.tortai-tech.com/upload/download/2011102023233369053.pdf), generated with kicad-footprint-generator")
    (tags "capacitor handsolder")
    (path /5BD3663F)
    (attr smd)
    (fp_text reference C9 (at 0 1.82 270) (layer B.SilkS)
      (effects (font (size 1 1) (thickness 0.15)) (justify mirror))
    )
    (fp_text value 0,1 (at 0 -1.82 270) (layer B.Fab)
      (effects (font (size 1 1) (thickness 0.15)) (justify mirror))
    )
    (fp_text user %R (at 0 0 270) (layer B.Fab)
      (effects (font (size 0.8 0.8) (thickness 0.12)) (justify mirror))
    )
    (fp_line (start 2.45 -1.12) (end -2.45 -1.12) (layer B.CrtYd) (width 0.05))
    (fp_line (start 2.45 1.12) (end 2.45 -1.12) (layer B.CrtYd) (width 0.05))
    (fp_line (start -2.45 1.12) (end 2.45 1.12) (layer B.CrtYd) (width 0.05))
    (fp_line (start -2.45 -1.12) (end -2.45 1.12) (layer B.CrtYd) (width 0.05))
    (fp_line (start -0.602064 -0.91) (end 0.602064 -0.91) (layer B.SilkS) (width 0.12))
    (fp_line (start -0.602064 0.91) (end 0.602064 0.91) (layer B.SilkS) (width 0.12))
    (fp_line (start 1.6 -0.8) (end -1.6 -0.8) (layer B.Fab) (width 0.1))
    (fp_line (start 1.6 0.8) (end 1.6 -0.8) (layer B.Fab) (width 0.1))
    (fp_line (start -1.6 0.8) (end 1.6 0.8) (layer B.Fab) (width 0.1))
    (fp_line (start -1.6 -0.8) (end -1.6 0.8) (layer B.Fab) (width 0.1))
    (pad 2 smd roundrect (at 1.4875 0 270) (size 1.425 1.75) (layers B.Cu B.Paste B.Mask) (roundrect_rratio 0.175439)
      (net 44 GND))
    (pad 1 smd roundrect (at -1.4875 0 270) (size 1.425 1.75) (layers B.Cu B.Paste B.Mask) (roundrect_rratio 0.175439)
      (net 7 +5V))
    (model ${KISYS3DMOD}/Capacitor_SMD.3dshapes/C_1206_3216Metric.wrl
      (at (xyz 0 0 0))
      (scale (xyz 1 1 1))
      (rotate (xyz 0 0 0))
    )
  )

  (module Capacitor_SMD:C_1206_3216Metric_Pad1.42x1.75mm_HandSolder (layer B.Cu) (tedit 5B301BBE) (tstamp 5BDAE6FC)
    (at 114.3 70.0675 270)
    (descr "Capacitor SMD 1206 (3216 Metric), square (rectangular) end terminal, IPC_7351 nominal with elongated pad for handsoldering. (Body size source: http://www.tortai-tech.com/upload/download/2011102023233369053.pdf), generated with kicad-footprint-generator")
    (tags "capacitor handsolder")
    (path /5BD36035)
    (attr smd)
    (fp_text reference C2 (at 0 1.82 270) (layer B.SilkS)
      (effects (font (size 1 1) (thickness 0.15)) (justify mirror))
    )
    (fp_text value 0,1 (at 0 -1.82 270) (layer B.Fab)
      (effects (font (size 1 1) (thickness 0.15)) (justify mirror))
    )
    (fp_line (start -1.6 -0.8) (end -1.6 0.8) (layer B.Fab) (width 0.1))
    (fp_line (start -1.6 0.8) (end 1.6 0.8) (layer B.Fab) (width 0.1))
    (fp_line (start 1.6 0.8) (end 1.6 -0.8) (layer B.Fab) (width 0.1))
    (fp_line (start 1.6 -0.8) (end -1.6 -0.8) (layer B.Fab) (width 0.1))
    (fp_line (start -0.602064 0.91) (end 0.602064 0.91) (layer B.SilkS) (width 0.12))
    (fp_line (start -0.602064 -0.91) (end 0.602064 -0.91) (layer B.SilkS) (width 0.12))
    (fp_line (start -2.45 -1.12) (end -2.45 1.12) (layer B.CrtYd) (width 0.05))
    (fp_line (start -2.45 1.12) (end 2.45 1.12) (layer B.CrtYd) (width 0.05))
    (fp_line (start 2.45 1.12) (end 2.45 -1.12) (layer B.CrtYd) (width 0.05))
    (fp_line (start 2.45 -1.12) (end -2.45 -1.12) (layer B.CrtYd) (width 0.05))
    (fp_text user %R (at 0 0 270) (layer B.Fab)
      (effects (font (size 0.8 0.8) (thickness 0.12)) (justify mirror))
    )
    (pad 1 smd roundrect (at -1.4875 0 270) (size 1.425 1.75) (layers B.Cu B.Paste B.Mask) (roundrect_rratio 0.175439)
      (net 7 +5V))
    (pad 2 smd roundrect (at 1.4875 0 270) (size 1.425 1.75) (layers B.Cu B.Paste B.Mask) (roundrect_rratio 0.175439)
      (net 44 GND))
    (model ${KISYS3DMOD}/Capacitor_SMD.3dshapes/C_1206_3216Metric.wrl
      (at (xyz 0 0 0))
      (scale (xyz 1 1 1))
      (rotate (xyz 0 0 0))
    )
  )

  (module Capacitor_SMD:C_1206_3216Metric_Pad1.42x1.75mm_HandSolder (layer B.Cu) (tedit 5B301BBE) (tstamp 5BDAE6EB)
    (at 131.445 70.0675 270)
    (descr "Capacitor SMD 1206 (3216 Metric), square (rectangular) end terminal, IPC_7351 nominal with elongated pad for handsoldering. (Body size source: http://www.tortai-tech.com/upload/download/2011102023233369053.pdf), generated with kicad-footprint-generator")
    (tags "capacitor handsolder")
    (path /5BD35FC1)
    (attr smd)
    (fp_text reference C3 (at 0 1.82 270) (layer B.SilkS)
      (effects (font (size 1 1) (thickness 0.15)) (justify mirror))
    )
    (fp_text value 0,1 (at 0 -1.82 270) (layer B.Fab)
      (effects (font (size 1 1) (thickness 0.15)) (justify mirror))
    )
    (fp_text user %R (at 0 0 270) (layer B.Fab)
      (effects (font (size 0.8 0.8) (thickness 0.12)) (justify mirror))
    )
    (fp_line (start 2.45 -1.12) (end -2.45 -1.12) (layer B.CrtYd) (width 0.05))
    (fp_line (start 2.45 1.12) (end 2.45 -1.12) (layer B.CrtYd) (width 0.05))
    (fp_line (start -2.45 1.12) (end 2.45 1.12) (layer B.CrtYd) (width 0.05))
    (fp_line (start -2.45 -1.12) (end -2.45 1.12) (layer B.CrtYd) (width 0.05))
    (fp_line (start -0.602064 -0.91) (end 0.602064 -0.91) (layer B.SilkS) (width 0.12))
    (fp_line (start -0.602064 0.91) (end 0.602064 0.91) (layer B.SilkS) (width 0.12))
    (fp_line (start 1.6 -0.8) (end -1.6 -0.8) (layer B.Fab) (width 0.1))
    (fp_line (start 1.6 0.8) (end 1.6 -0.8) (layer B.Fab) (width 0.1))
    (fp_line (start -1.6 0.8) (end 1.6 0.8) (layer B.Fab) (width 0.1))
    (fp_line (start -1.6 -0.8) (end -1.6 0.8) (layer B.Fab) (width 0.1))
    (pad 2 smd roundrect (at 1.4875 0 270) (size 1.425 1.75) (layers B.Cu B.Paste B.Mask) (roundrect_rratio 0.175439)
      (net 44 GND))
    (pad 1 smd roundrect (at -1.4875 0 270) (size 1.425 1.75) (layers B.Cu B.Paste B.Mask) (roundrect_rratio 0.175439)
      (net 7 +5V))
    (model ${KISYS3DMOD}/Capacitor_SMD.3dshapes/C_1206_3216Metric.wrl
      (at (xyz 0 0 0))
      (scale (xyz 1 1 1))
      (rotate (xyz 0 0 0))
    )
  )

  (module Capacitor_SMD:C_1206_3216Metric_Pad1.42x1.75mm_HandSolder (layer B.Cu) (tedit 5B301BBE) (tstamp 5BDB5316)
    (at 93.98 61.1775 270)
    (descr "Capacitor SMD 1206 (3216 Metric), square (rectangular) end terminal, IPC_7351 nominal with elongated pad for handsoldering. (Body size source: http://www.tortai-tech.com/upload/download/2011102023233369053.pdf), generated with kicad-footprint-generator")
    (tags "capacitor handsolder")
    (path /5BD3750A)
    (attr smd)
    (fp_text reference C4 (at 0 1.82 270) (layer B.SilkS)
      (effects (font (size 1 1) (thickness 0.15)) (justify mirror))
    )
    (fp_text value 1,0 (at 0 -1.82 270) (layer B.Fab)
      (effects (font (size 1 1) (thickness 0.15)) (justify mirror))
    )
    (fp_line (start -1.6 -0.8) (end -1.6 0.8) (layer B.Fab) (width 0.1))
    (fp_line (start -1.6 0.8) (end 1.6 0.8) (layer B.Fab) (width 0.1))
    (fp_line (start 1.6 0.8) (end 1.6 -0.8) (layer B.Fab) (width 0.1))
    (fp_line (start 1.6 -0.8) (end -1.6 -0.8) (layer B.Fab) (width 0.1))
    (fp_line (start -0.602064 0.91) (end 0.602064 0.91) (layer B.SilkS) (width 0.12))
    (fp_line (start -0.602064 -0.91) (end 0.602064 -0.91) (layer B.SilkS) (width 0.12))
    (fp_line (start -2.45 -1.12) (end -2.45 1.12) (layer B.CrtYd) (width 0.05))
    (fp_line (start -2.45 1.12) (end 2.45 1.12) (layer B.CrtYd) (width 0.05))
    (fp_line (start 2.45 1.12) (end 2.45 -1.12) (layer B.CrtYd) (width 0.05))
    (fp_line (start 2.45 -1.12) (end -2.45 -1.12) (layer B.CrtYd) (width 0.05))
    (fp_text user %R (at 0 0 270) (layer B.Fab)
      (effects (font (size 0.8 0.8) (thickness 0.12)) (justify mirror))
    )
    (pad 1 smd roundrect (at -1.4875 0 270) (size 1.425 1.75) (layers B.Cu B.Paste B.Mask) (roundrect_rratio 0.175439)
      (net 75 "Net-(C4-Pad1)"))
    (pad 2 smd roundrect (at 1.4875 0 270) (size 1.425 1.75) (layers B.Cu B.Paste B.Mask) (roundrect_rratio 0.175439)
      (net 39 "Net-(C4-Pad2)"))
    (model ${KISYS3DMOD}/Capacitor_SMD.3dshapes/C_1206_3216Metric.wrl
      (at (xyz 0 0 0))
      (scale (xyz 1 1 1))
      (rotate (xyz 0 0 0))
    )
  )

  (module Capacitor_SMD:C_1206_3216Metric_Pad1.42x1.75mm_HandSolder (layer B.Cu) (tedit 5B301BBE) (tstamp 5BDAE6C9)
    (at 98.425 42.1275 270)
    (descr "Capacitor SMD 1206 (3216 Metric), square (rectangular) end terminal, IPC_7351 nominal with elongated pad for handsoldering. (Body size source: http://www.tortai-tech.com/upload/download/2011102023233369053.pdf), generated with kicad-footprint-generator")
    (tags "capacitor handsolder")
    (path /5BD369B6)
    (attr smd)
    (fp_text reference C8 (at 0 1.82 270) (layer B.SilkS)
      (effects (font (size 1 1) (thickness 0.15)) (justify mirror))
    )
    (fp_text value 0,1 (at 0 -1.82 270) (layer B.Fab)
      (effects (font (size 1 1) (thickness 0.15)) (justify mirror))
    )
    (fp_text user %R (at 0 0 270) (layer B.Fab)
      (effects (font (size 0.8 0.8) (thickness 0.12)) (justify mirror))
    )
    (fp_line (start 2.45 -1.12) (end -2.45 -1.12) (layer B.CrtYd) (width 0.05))
    (fp_line (start 2.45 1.12) (end 2.45 -1.12) (layer B.CrtYd) (width 0.05))
    (fp_line (start -2.45 1.12) (end 2.45 1.12) (layer B.CrtYd) (width 0.05))
    (fp_line (start -2.45 -1.12) (end -2.45 1.12) (layer B.CrtYd) (width 0.05))
    (fp_line (start -0.602064 -0.91) (end 0.602064 -0.91) (layer B.SilkS) (width 0.12))
    (fp_line (start -0.602064 0.91) (end 0.602064 0.91) (layer B.SilkS) (width 0.12))
    (fp_line (start 1.6 -0.8) (end -1.6 -0.8) (layer B.Fab) (width 0.1))
    (fp_line (start 1.6 0.8) (end 1.6 -0.8) (layer B.Fab) (width 0.1))
    (fp_line (start -1.6 0.8) (end 1.6 0.8) (layer B.Fab) (width 0.1))
    (fp_line (start -1.6 -0.8) (end -1.6 0.8) (layer B.Fab) (width 0.1))
    (pad 2 smd roundrect (at 1.4875 0 270) (size 1.425 1.75) (layers B.Cu B.Paste B.Mask) (roundrect_rratio 0.175439)
      (net 44 GND))
    (pad 1 smd roundrect (at -1.4875 0 270) (size 1.425 1.75) (layers B.Cu B.Paste B.Mask) (roundrect_rratio 0.175439)
      (net 7 +5V))
    (model ${KISYS3DMOD}/Capacitor_SMD.3dshapes/C_1206_3216Metric.wrl
      (at (xyz 0 0 0))
      (scale (xyz 1 1 1))
      (rotate (xyz 0 0 0))
    )
  )

  (module Capacitor_SMD:C_1206_3216Metric_Pad1.42x1.75mm_HandSolder (layer B.Cu) (tedit 5B301BBE) (tstamp 5BDAE6B8)
    (at 131.445 42.1275 270)
    (descr "Capacitor SMD 1206 (3216 Metric), square (rectangular) end terminal, IPC_7351 nominal with elongated pad for handsoldering. (Body size source: http://www.tortai-tech.com/upload/download/2011102023233369053.pdf), generated with kicad-footprint-generator")
    (tags "capacitor handsolder")
    (path /5BD361FA)
    (attr smd)
    (fp_text reference C6 (at 0 1.82 270) (layer B.SilkS)
      (effects (font (size 1 1) (thickness 0.15)) (justify mirror))
    )
    (fp_text value 0,1 (at 0 -1.82 270) (layer B.Fab)
      (effects (font (size 1 1) (thickness 0.15)) (justify mirror))
    )
    (fp_line (start -1.6 -0.8) (end -1.6 0.8) (layer B.Fab) (width 0.1))
    (fp_line (start -1.6 0.8) (end 1.6 0.8) (layer B.Fab) (width 0.1))
    (fp_line (start 1.6 0.8) (end 1.6 -0.8) (layer B.Fab) (width 0.1))
    (fp_line (start 1.6 -0.8) (end -1.6 -0.8) (layer B.Fab) (width 0.1))
    (fp_line (start -0.602064 0.91) (end 0.602064 0.91) (layer B.SilkS) (width 0.12))
    (fp_line (start -0.602064 -0.91) (end 0.602064 -0.91) (layer B.SilkS) (width 0.12))
    (fp_line (start -2.45 -1.12) (end -2.45 1.12) (layer B.CrtYd) (width 0.05))
    (fp_line (start -2.45 1.12) (end 2.45 1.12) (layer B.CrtYd) (width 0.05))
    (fp_line (start 2.45 1.12) (end 2.45 -1.12) (layer B.CrtYd) (width 0.05))
    (fp_line (start 2.45 -1.12) (end -2.45 -1.12) (layer B.CrtYd) (width 0.05))
    (fp_text user %R (at 0 0 270) (layer B.Fab)
      (effects (font (size 0.8 0.8) (thickness 0.12)) (justify mirror))
    )
    (pad 1 smd roundrect (at -1.4875 0 270) (size 1.425 1.75) (layers B.Cu B.Paste B.Mask) (roundrect_rratio 0.175439)
      (net 7 +5V))
    (pad 2 smd roundrect (at 1.4875 0 270) (size 1.425 1.75) (layers B.Cu B.Paste B.Mask) (roundrect_rratio 0.175439)
      (net 44 GND))
    (model ${KISYS3DMOD}/Capacitor_SMD.3dshapes/C_1206_3216Metric.wrl
      (at (xyz 0 0 0))
      (scale (xyz 1 1 1))
      (rotate (xyz 0 0 0))
    )
  )

  (module Capacitors_THT:CP_Radial_D10.0mm_P2.50mm (layer F.Cu) (tedit 597BC7C2) (tstamp 5BDAE6A7)
    (at 101.6 81.28 270)
    (descr "CP, Radial series, Radial, pin pitch=2.50mm, , diameter=10mm, Electrolytic Capacitor")
    (tags "CP Radial series Radial pin pitch 2.50mm  diameter 10mm Electrolytic Capacitor")
    (path /5BD5C291)
    (fp_text reference C7 (at 1.25 -6.31 270) (layer F.SilkS)
      (effects (font (size 1 1) (thickness 0.15)))
    )
    (fp_text value 100,0 (at 1.25 6.31 270) (layer F.Fab)
      (effects (font (size 1 1) (thickness 0.15)))
    )
    (fp_circle (center 1.25 0) (end 6.25 0) (layer F.Fab) (width 0.1))
    (fp_circle (center 1.25 0) (end 6.34 0) (layer F.SilkS) (width 0.12))
    (fp_line (start -2.2 0) (end -1 0) (layer F.Fab) (width 0.1))
    (fp_line (start -1.6 -0.65) (end -1.6 0.65) (layer F.Fab) (width 0.1))
    (fp_line (start 1.25 -5.05) (end 1.25 5.05) (layer F.SilkS) (width 0.12))
    (fp_line (start 1.29 -5.05) (end 1.29 5.05) (layer F.SilkS) (width 0.12))
    (fp_line (start 1.33 -5.05) (end 1.33 5.05) (layer F.SilkS) (width 0.12))
    (fp_line (start 1.37 -5.049) (end 1.37 5.049) (layer F.SilkS) (width 0.12))
    (fp_line (start 1.41 -5.048) (end 1.41 5.048) (layer F.SilkS) (width 0.12))
    (fp_line (start 1.45 -5.047) (end 1.45 5.047) (layer F.SilkS) (width 0.12))
    (fp_line (start 1.49 -5.045) (end 1.49 5.045) (layer F.SilkS) (width 0.12))
    (fp_line (start 1.53 -5.043) (end 1.53 -0.98) (layer F.SilkS) (width 0.12))
    (fp_line (start 1.53 0.98) (end 1.53 5.043) (layer F.SilkS) (width 0.12))
    (fp_line (start 1.57 -5.04) (end 1.57 -0.98) (layer F.SilkS) (width 0.12))
    (fp_line (start 1.57 0.98) (end 1.57 5.04) (layer F.SilkS) (width 0.12))
    (fp_line (start 1.61 -5.038) (end 1.61 -0.98) (layer F.SilkS) (width 0.12))
    (fp_line (start 1.61 0.98) (end 1.61 5.038) (layer F.SilkS) (width 0.12))
    (fp_line (start 1.65 -5.035) (end 1.65 -0.98) (layer F.SilkS) (width 0.12))
    (fp_line (start 1.65 0.98) (end 1.65 5.035) (layer F.SilkS) (width 0.12))
    (fp_line (start 1.69 -5.031) (end 1.69 -0.98) (layer F.SilkS) (width 0.12))
    (fp_line (start 1.69 0.98) (end 1.69 5.031) (layer F.SilkS) (width 0.12))
    (fp_line (start 1.73 -5.028) (end 1.73 -0.98) (layer F.SilkS) (width 0.12))
    (fp_line (start 1.73 0.98) (end 1.73 5.028) (layer F.SilkS) (width 0.12))
    (fp_line (start 1.77 -5.024) (end 1.77 -0.98) (layer F.SilkS) (width 0.12))
    (fp_line (start 1.77 0.98) (end 1.77 5.024) (layer F.SilkS) (width 0.12))
    (fp_line (start 1.81 -5.02) (end 1.81 -0.98) (layer F.SilkS) (width 0.12))
    (fp_line (start 1.81 0.98) (end 1.81 5.02) (layer F.SilkS) (width 0.12))
    (fp_line (start 1.85 -5.015) (end 1.85 -0.98) (layer F.SilkS) (width 0.12))
    (fp_line (start 1.85 0.98) (end 1.85 5.015) (layer F.SilkS) (width 0.12))
    (fp_line (start 1.89 -5.01) (end 1.89 -0.98) (layer F.SilkS) (width 0.12))
    (fp_line (start 1.89 0.98) (end 1.89 5.01) (layer F.SilkS) (width 0.12))
    (fp_line (start 1.93 -5.005) (end 1.93 -0.98) (layer F.SilkS) (width 0.12))
    (fp_line (start 1.93 0.98) (end 1.93 5.005) (layer F.SilkS) (width 0.12))
    (fp_line (start 1.971 -4.999) (end 1.971 -0.98) (layer F.SilkS) (width 0.12))
    (fp_line (start 1.971 0.98) (end 1.971 4.999) (layer F.SilkS) (width 0.12))
    (fp_line (start 2.011 -4.993) (end 2.011 -0.98) (layer F.SilkS) (width 0.12))
    (fp_line (start 2.011 0.98) (end 2.011 4.993) (layer F.SilkS) (width 0.12))
    (fp_line (start 2.051 -4.987) (end 2.051 -0.98) (layer F.SilkS) (width 0.12))
    (fp_line (start 2.051 0.98) (end 2.051 4.987) (layer F.SilkS) (width 0.12))
    (fp_line (start 2.091 -4.981) (end 2.091 -0.98) (layer F.SilkS) (width 0.12))
    (fp_line (start 2.091 0.98) (end 2.091 4.981) (layer F.SilkS) (width 0.12))
    (fp_line (start 2.131 -4.974) (end 2.131 -0.98) (layer F.SilkS) (width 0.12))
    (fp_line (start 2.131 0.98) (end 2.131 4.974) (layer F.SilkS) (width 0.12))
    (fp_line (start 2.171 -4.967) (end 2.171 -0.98) (layer F.SilkS) (width 0.12))
    (fp_line (start 2.171 0.98) (end 2.171 4.967) (layer F.SilkS) (width 0.12))
    (fp_line (start 2.211 -4.959) (end 2.211 -0.98) (layer F.SilkS) (width 0.12))
    (fp_line (start 2.211 0.98) (end 2.211 4.959) (layer F.SilkS) (width 0.12))
    (fp_line (start 2.251 -4.951) (end 2.251 -0.98) (layer F.SilkS) (width 0.12))
    (fp_line (start 2.251 0.98) (end 2.251 4.951) (layer F.SilkS) (width 0.12))
    (fp_line (start 2.291 -4.943) (end 2.291 -0.98) (layer F.SilkS) (width 0.12))
    (fp_line (start 2.291 0.98) (end 2.291 4.943) (layer F.SilkS) (width 0.12))
    (fp_line (start 2.331 -4.935) (end 2.331 -0.98) (layer F.SilkS) (width 0.12))
    (fp_line (start 2.331 0.98) (end 2.331 4.935) (layer F.SilkS) (width 0.12))
    (fp_line (start 2.371 -4.926) (end 2.371 -0.98) (layer F.SilkS) (width 0.12))
    (fp_line (start 2.371 0.98) (end 2.371 4.926) (layer F.SilkS) (width 0.12))
    (fp_line (start 2.411 -4.917) (end 2.411 -0.98) (layer F.SilkS) (width 0.12))
    (fp_line (start 2.411 0.98) (end 2.411 4.917) (layer F.SilkS) (width 0.12))
    (fp_line (start 2.451 -4.907) (end 2.451 -0.98) (layer F.SilkS) (width 0.12))
    (fp_line (start 2.451 0.98) (end 2.451 4.907) (layer F.SilkS) (width 0.12))
    (fp_line (start 2.491 -4.897) (end 2.491 -0.98) (layer F.SilkS) (width 0.12))
    (fp_line (start 2.491 0.98) (end 2.491 4.897) (layer F.SilkS) (width 0.12))
    (fp_line (start 2.531 -4.887) (end 2.531 -0.98) (layer F.SilkS) (width 0.12))
    (fp_line (start 2.531 0.98) (end 2.531 4.887) (layer F.SilkS) (width 0.12))
    (fp_line (start 2.571 -4.876) (end 2.571 -0.98) (layer F.SilkS) (width 0.12))
    (fp_line (start 2.571 0.98) (end 2.571 4.876) (layer F.SilkS) (width 0.12))
    (fp_line (start 2.611 -4.865) (end 2.611 -0.98) (layer F.SilkS) (width 0.12))
    (fp_line (start 2.611 0.98) (end 2.611 4.865) (layer F.SilkS) (width 0.12))
    (fp_line (start 2.651 -4.854) (end 2.651 -0.98) (layer F.SilkS) (width 0.12))
    (fp_line (start 2.651 0.98) (end 2.651 4.854) (layer F.SilkS) (width 0.12))
    (fp_line (start 2.691 -4.843) (end 2.691 -0.98) (layer F.SilkS) (width 0.12))
    (fp_line (start 2.691 0.98) (end 2.691 4.843) (layer F.SilkS) (width 0.12))
    (fp_line (start 2.731 -4.831) (end 2.731 -0.98) (layer F.SilkS) (width 0.12))
    (fp_line (start 2.731 0.98) (end 2.731 4.831) (layer F.SilkS) (width 0.12))
    (fp_line (start 2.771 -4.818) (end 2.771 -0.98) (layer F.SilkS) (width 0.12))
    (fp_line (start 2.771 0.98) (end 2.771 4.818) (layer F.SilkS) (width 0.12))
    (fp_line (start 2.811 -4.806) (end 2.811 -0.98) (layer F.SilkS) (width 0.12))
    (fp_line (start 2.811 0.98) (end 2.811 4.806) (layer F.SilkS) (width 0.12))
    (fp_line (start 2.851 -4.792) (end 2.851 -0.98) (layer F.SilkS) (width 0.12))
    (fp_line (start 2.851 0.98) (end 2.851 4.792) (layer F.SilkS) (width 0.12))
    (fp_line (start 2.891 -4.779) (end 2.891 -0.98) (layer F.SilkS) (width 0.12))
    (fp_line (start 2.891 0.98) (end 2.891 4.779) (layer F.SilkS) (width 0.12))
    (fp_line (start 2.931 -4.765) (end 2.931 -0.98) (layer F.SilkS) (width 0.12))
    (fp_line (start 2.931 0.98) (end 2.931 4.765) (layer F.SilkS) (width 0.12))
    (fp_line (start 2.971 -4.751) (end 2.971 -0.98) (layer F.SilkS) (width 0.12))
