(kicad_pcb (version 20171130) (host pcbnew "(5.0.0)")

  (general
    (thickness 1.6)
    (drawings 0)
    (tracks 182)
    (zones 0)
    (modules 75)
    (nets 163)
  )

  (page A4)
  (layers
    (0 F.Cu signal)
    (31 B.Cu signal)
    (32 B.Adhes user)
    (33 F.Adhes user)
    (34 B.Paste user)
    (35 F.Paste user)
    (36 B.SilkS user)
    (37 F.SilkS user)
    (38 B.Mask user)
    (39 F.Mask user)
    (40 Dwgs.User user)
    (41 Cmts.User user)
    (42 Eco1.User user)
    (43 Eco2.User user)
    (44 Edge.Cuts user)
    (45 Margin user)
    (46 B.CrtYd user)
    (47 F.CrtYd user)
    (48 B.Fab user)
    (49 F.Fab user)
  )

  (setup
    (last_trace_width 0.25)
    (trace_clearance 0.2)
    (zone_clearance 0.508)
    (zone_45_only no)
    (trace_min 0.2)
    (segment_width 0.2)
    (edge_width 0.15)
    (via_size 0.8)
    (via_drill 0.4)
    (via_min_size 0.4)
    (via_min_drill 0.3)
    (uvia_size 0.3)
    (uvia_drill 0.1)
    (uvias_allowed no)
    (uvia_min_size 0.2)
    (uvia_min_drill 0.1)
    (pcb_text_width 0.3)
    (pcb_text_size 1.5 1.5)
    (mod_edge_width 0.15)
    (mod_text_size 1 1)
    (mod_text_width 0.15)
    (pad_size 1.524 1.524)
    (pad_drill 0.762)
    (pad_to_mask_clearance 0.2)
    (aux_axis_origin 0 0)
    (visible_elements FFFFFF7F)
    (pcbplotparams
      (layerselection 0x010fc_ffffffff)
      (usegerberextensions false)
      (usegerberattributes false)
      (usegerberadvancedattributes false)
      (creategerberjobfile false)
      (excludeedgelayer true)
      (linewidth 0.100000)
      (plotframeref false)
      (viasonmask false)
      (mode 1)
      (useauxorigin false)
      (hpglpennumber 1)
      (hpglpenspeed 20)
      (hpglpendiameter 15.000000)
      (psnegative false)
      (psa4output false)
      (plotreference true)
      (plotvalue true)
      (plotinvisibletext false)
      (padsonsilk false)
      (subtractmaskfromsilk false)
      (outputformat 1)
      (mirror false)
      (drillshape 1)
      (scaleselection 1)
      (outputdirectory ""))
  )

  (net 0 "")
  (net 1 "Net-(D10-Pad2)")
  (net 2 /Co9)
  (net 3 /Co15)
  (net 4 "Net-(D16-Pad2)")
  (net 5 "Net-(D2-Pad2)")
  (net 6 /Co1)
  (net 7 /Co14)
  (net 8 "Net-(D15-Pad2)")
  (net 9 "Net-(D14-Pad2)")
  (net 10 /Co13)
  (net 11 /Co12)
  (net 12 "Net-(D13-Pad2)")
  (net 13 "Net-(D12-Pad2)")
  (net 14 /Co11)
  (net 15 /Co10)
  (net 16 "Net-(D11-Pad2)")
  (net 17 /Reset)
  (net 18 GND)
  (net 19 /Co2)
  (net 20 "Net-(D3-Pad2)")
  (net 21 "Net-(D4-Pad2)")
  (net 22 /Co3)
  (net 23 /Co4)
  (net 24 "Net-(D5-Pad2)")
  (net 25 "Net-(D6-Pad2)")
  (net 26 /Co5)
  (net 27 /Co6)
  (net 28 "Net-(D7-Pad2)")
  (net 29 "Net-(D8-Pad2)")
  (net 30 /Co7)
  (net 31 /Co8)
  (net 32 "Net-(D9-Pad2)")
  (net 33 "Net-(D1-Pad2)")
  (net 34 /Co0)
  (net 35 /~InBusEna)
  (net 36 "Net-(J6-Pad3)")
  (net 37 /Di7)
  (net 38 "Net-(J6-Pad5)")
  (net 39 /Di6)
  (net 40 "Net-(J6-Pad7)")
  (net 41 /Di5)
  (net 42 "Net-(J6-Pad9)")
  (net 43 /Di4)
  (net 44 "Net-(J6-Pad11)")
  (net 45 /Di3)
  (net 46 "Net-(J6-Pad13)")
  (net 47 /Di2)
  (net 48 "Net-(J6-Pad15)")
  (net 49 /Di1)
  (net 50 "Net-(J6-Pad17)")
  (net 51 /Di0)
  (net 52 +5V)
  (net 53 /~OutB_Ena)
  (net 54 "Net-(J5-Pad3)")
  (net 55 "Net-(J5-Pad5)")
  (net 56 "Net-(J5-Pad7)")
  (net 57 "Net-(J5-Pad9)")
  (net 58 "Net-(J5-Pad11)")
  (net 59 "Net-(J5-Pad13)")
  (net 60 "Net-(J5-Pad15)")
  (net 61 "Net-(J5-Pad17)")
  (net 62 "Net-(J5-Pad18)")
  (net 63 "Net-(J5-Pad16)")
  (net 64 "Net-(J5-Pad14)")
  (net 65 "Net-(J5-Pad12)")
  (net 66 "Net-(J5-Pad10)")
  (net 67 "Net-(J5-Pad8)")
  (net 68 "Net-(J5-Pad6)")
  (net 69 "Net-(J5-Pad4)")
  (net 70 /~SideInEna)
  (net 71 /Di8)
  (net 72 "Net-(J2-Pad18)")
  (net 73 /Di9)
  (net 74 "Net-(J2-Pad16)")
  (net 75 /Di10)
  (net 76 "Net-(J2-Pad14)")
  (net 77 /Di11)
  (net 78 "Net-(J2-Pad12)")
  (net 79 /Di12)
  (net 80 "Net-(J2-Pad10)")
  (net 81 /Di13)
  (net 82 "Net-(J2-Pad8)")
  (net 83 /Di14)
  (net 84 "Net-(J2-Pad6)")
  (net 85 /Di15)
  (net 86 "Net-(J2-Pad4)")
  (net 87 "Net-(J2-Pad3)")
  (net 88 "Net-(J2-Pad5)")
  (net 89 "Net-(J2-Pad7)")
  (net 90 "Net-(J2-Pad9)")
  (net 91 "Net-(J2-Pad11)")
  (net 92 "Net-(J2-Pad13)")
  (net 93 "Net-(J2-Pad15)")
  (net 94 "Net-(J2-Pad17)")
  (net 95 /~OutA_Ena)
  (net 96 "Net-(J7-Pad3)")
  (net 97 "Net-(J7-Pad5)")
  (net 98 "Net-(J7-Pad7)")
  (net 99 "Net-(J7-Pad9)")
  (net 100 "Net-(J7-Pad11)")
  (net 101 "Net-(J7-Pad13)")
  (net 102 "Net-(J7-Pad15)")
  (net 103 "Net-(J7-Pad17)")
  (net 104 "Net-(J7-Pad18)")
  (net 105 "Net-(J7-Pad16)")
  (net 106 "Net-(J7-Pad14)")
  (net 107 "Net-(J7-Pad12)")
  (net 108 "Net-(J7-Pad10)")
  (net 109 "Net-(J7-Pad8)")
  (net 110 "Net-(J7-Pad6)")
  (net 111 "Net-(J7-Pad4)")
  (net 112 "Net-(J8-Pad19)")
  (net 113 "Net-(J8-Pad3)")
  (net 114 "Net-(J8-Pad5)")
  (net 115 "Net-(J8-Pad7)")
  (net 116 "Net-(J8-Pad9)")
  (net 117 "Net-(J8-Pad11)")
  (net 118 "Net-(J8-Pad13)")
  (net 119 "Net-(J8-Pad15)")
  (net 120 "Net-(J8-Pad17)")
  (net 121 "Net-(J8-Pad18)")
  (net 122 "Net-(J8-Pad16)")
  (net 123 "Net-(J8-Pad14)")
  (net 124 "Net-(J8-Pad12)")
  (net 125 "Net-(J8-Pad10)")
  (net 126 "Net-(J8-Pad8)")
  (net 127 "Net-(J8-Pad6)")
  (net 128 "Net-(J8-Pad4)")
  (net 129 "Net-(J6-Pad18)")
  (net 130 "Net-(J6-Pad16)")
  (net 131 "Net-(J6-Pad14)")
  (net 132 "Net-(J6-Pad12)")
  (net 133 "Net-(J6-Pad10)")
  (net 134 "Net-(J6-Pad8)")
  (net 135 "Net-(J6-Pad6)")
  (net 136 "Net-(J6-Pad4)")
  (net 137 /~Load)
  (net 138 "Net-(U4-Pad13)")
  (net 139 "Net-(U5-Pad12)")
  (net 140 "Net-(U4-Pad12)")
  (net 141 "Net-(U5-Pad13)")
  (net 142 "Net-(U3-Pad12)")
  (net 143 "Net-(U3-Pad13)")
  (net 144 /~CntDn)
  (net 145 "Net-(U2-Pad12)")
  (net 146 /~CntUp)
  (net 147 "Net-(U2-Pad13)")
  (net 148 "Net-(J9-Pad2)")
  (net 149 "Net-(U1-Pad6)")
  (net 150 /Control/Select)
  (net 151 "Net-(J1-Pad2)")
  (net 152 /Control/CntUpIn)
  (net 153 /Control/CntDnIn)
  (net 154 "Net-(U1-Pad3)")
  (net 155 "Net-(J3-Pad2)")
  (net 156 /Control/OutB_Ena)
  (net 157 /Control/Clock)
  (net 158 "Net-(U6-Pad11)")
  (net 159 "Net-(U6-Pad3)")
  (net 160 /Control/OutA_Ena)
  (net 161 /Control/Load)
  (net 162 "Net-(U6-Pad6)")

  (net_class Default "Это класс цепей по умолчанию."
    (clearance 0.2)
    (trace_width 0.25)
    (via_dia 0.8)
    (via_drill 0.4)
    (uvia_dia 0.3)
    (uvia_drill 0.1)
    (add_net +5V)
    (add_net /Co0)
    (add_net /Co1)
    (add_net /Co10)
    (add_net /Co11)
    (add_net /Co12)
    (add_net /Co13)
    (add_net /Co14)
    (add_net /Co15)
    (add_net /Co2)
    (add_net /Co3)
    (add_net /Co4)
    (add_net /Co5)
    (add_net /Co6)
    (add_net /Co7)
    (add_net /Co8)
    (add_net /Co9)
    (add_net /Control/Clock)
    (add_net /Control/CntDnIn)
    (add_net /Control/CntUpIn)
    (add_net /Control/Load)
    (add_net /Control/OutA_Ena)
    (add_net /Control/OutB_Ena)
    (add_net /Control/Select)
    (add_net /Di0)
    (add_net /Di1)
    (add_net /Di10)
    (add_net /Di11)
    (add_net /Di12)
    (add_net /Di13)
    (add_net /Di14)
    (add_net /Di15)
    (add_net /Di2)
    (add_net /Di3)
    (add_net /Di4)
    (add_net /Di5)
    (add_net /Di6)
    (add_net /Di7)
    (add_net /Di8)
    (add_net /Di9)
    (add_net /Reset)
    (add_net /~CntDn)
    (add_net /~CntUp)
    (add_net /~InBusEna)
    (add_net /~Load)
    (add_net /~OutA_Ena)
    (add_net /~OutB_Ena)
    (add_net /~SideInEna)
    (add_net GND)
    (add_net "Net-(D1-Pad2)")
    (add_net "Net-(D10-Pad2)")
    (add_net "Net-(D11-Pad2)")
    (add_net "Net-(D12-Pad2)")
    (add_net "Net-(D13-Pad2)")
    (add_net "Net-(D14-Pad2)")
    (add_net "Net-(D15-Pad2)")
    (add_net "Net-(D16-Pad2)")
    (add_net "Net-(D2-Pad2)")
    (add_net "Net-(D3-Pad2)")
    (add_net "Net-(D4-Pad2)")
    (add_net "Net-(D5-Pad2)")
    (add_net "Net-(D6-Pad2)")
    (add_net "Net-(D7-Pad2)")
    (add_net "Net-(D8-Pad2)")
    (add_net "Net-(D9-Pad2)")
    (add_net "Net-(J1-Pad2)")
    (add_net "Net-(J2-Pad10)")
    (add_net "Net-(J2-Pad11)")
    (add_net "Net-(J2-Pad12)")
    (add_net "Net-(J2-Pad13)")
    (add_net "Net-(J2-Pad14)")
    (add_net "Net-(J2-Pad15)")
    (add_net "Net-(J2-Pad16)")
    (add_net "Net-(J2-Pad17)")
    (add_net "Net-(J2-Pad18)")
    (add_net "Net-(J2-Pad3)")
    (add_net "Net-(J2-Pad4)")
    (add_net "Net-(J2-Pad5)")
    (add_net "Net-(J2-Pad6)")
    (add_net "Net-(J2-Pad7)")
    (add_net "Net-(J2-Pad8)")
    (add_net "Net-(J2-Pad9)")
    (add_net "Net-(J3-Pad2)")
    (add_net "Net-(J5-Pad10)")
    (add_net "Net-(J5-Pad11)")
    (add_net "Net-(J5-Pad12)")
    (add_net "Net-(J5-Pad13)")
    (add_net "Net-(J5-Pad14)")
    (add_net "Net-(J5-Pad15)")
    (add_net "Net-(J5-Pad16)")
    (add_net "Net-(J5-Pad17)")
    (add_net "Net-(J5-Pad18)")
    (add_net "Net-(J5-Pad3)")
    (add_net "Net-(J5-Pad4)")
    (add_net "Net-(J5-Pad5)")
    (add_net "Net-(J5-Pad6)")
    (add_net "Net-(J5-Pad7)")
    (add_net "Net-(J5-Pad8)")
    (add_net "Net-(J5-Pad9)")
    (add_net "Net-(J6-Pad10)")
    (add_net "Net-(J6-Pad11)")
    (add_net "Net-(J6-Pad12)")
    (add_net "Net-(J6-Pad13)")
    (add_net "Net-(J6-Pad14)")
    (add_net "Net-(J6-Pad15)")
    (add_net "Net-(J6-Pad16)")
    (add_net "Net-(J6-Pad17)")
    (add_net "Net-(J6-Pad18)")
    (add_net "Net-(J6-Pad3)")
    (add_net "Net-(J6-Pad4)")
    (add_net "Net-(J6-Pad5)")
    (add_net "Net-(J6-Pad6)")
    (add_net "Net-(J6-Pad7)")
    (add_net "Net-(J6-Pad8)")
    (add_net "Net-(J6-Pad9)")
    (add_net "Net-(J7-Pad10)")
    (add_net "Net-(J7-Pad11)")
    (add_net "Net-(J7-Pad12)")
    (add_net "Net-(J7-Pad13)")
    (add_net "Net-(J7-Pad14)")
    (add_net "Net-(J7-Pad15)")
    (add_net "Net-(J7-Pad16)")
    (add_net "Net-(J7-Pad17)")
    (add_net "Net-(J7-Pad18)")
    (add_net "Net-(J7-Pad3)")
    (add_net "Net-(J7-Pad4)")
    (add_net "Net-(J7-Pad5)")
    (add_net "Net-(J7-Pad6)")
    (add_net "Net-(J7-Pad7)")
    (add_net "Net-(J7-Pad8)")
    (add_net "Net-(J7-Pad9)")
    (add_net "Net-(J8-Pad10)")
    (add_net "Net-(J8-Pad11)")
    (add_net "Net-(J8-Pad12)")
    (add_net "Net-(J8-Pad13)")
    (add_net "Net-(J8-Pad14)")
    (add_net "Net-(J8-Pad15)")
    (add_net "Net-(J8-Pad16)")
    (add_net "Net-(J8-Pad17)")
    (add_net "Net-(J8-Pad18)")
    (add_net "Net-(J8-Pad19)")
    (add_net "Net-(J8-Pad3)")
    (add_net "Net-(J8-Pad4)")
    (add_net "Net-(J8-Pad5)")
    (add_net "Net-(J8-Pad6)")
    (add_net "Net-(J8-Pad7)")
    (add_net "Net-(J8-Pad8)")
    (add_net "Net-(J8-Pad9)")
    (add_net "Net-(J9-Pad2)")
    (add_net "Net-(U1-Pad3)")
    (add_net "Net-(U1-Pad6)")
    (add_net "Net-(U2-Pad12)")
    (add_net "Net-(U2-Pad13)")
    (add_net "Net-(U3-Pad12)")
    (add_net "Net-(U3-Pad13)")
    (add_net "Net-(U4-Pad12)")
    (add_net "Net-(U4-Pad13)")
    (add_net "Net-(U5-Pad12)")
    (add_net "Net-(U5-Pad13)")
    (add_net "Net-(U6-Pad11)")
    (add_net "Net-(U6-Pad3)")
    (add_net "Net-(U6-Pad6)")
  )

  (module Capacitors_SMD:C_0805_HandSoldering (layer B.Cu) (tedit 58AA84A8) (tstamp 5BBAA691)
    (at 198.755 79.395 270)
    (descr "Capacitor SMD 0805, hand soldering")
    (tags "capacitor 0805")
    (path /5BC11A5F/5BC122B1)
    (attr smd)
    (fp_text reference C16 (at 0 1.75 270) (layer B.SilkS)
      (effects (font (size 1 1) (thickness 0.15)) (justify mirror))
    )
    (fp_text value 10,0 (at 0 -1.75 270) (layer B.Fab)
      (effects (font (size 1 1) (thickness 0.15)) (justify mirror))
    )
    (fp_text user %R (at 0 1.75 270) (layer B.Fab)
      (effects (font (size 1 1) (thickness 0.15)) (justify mirror))
    )
    (fp_line (start -1 -0.62) (end -1 0.62) (layer B.Fab) (width 0.1))
    (fp_line (start 1 -0.62) (end -1 -0.62) (layer B.Fab) (width 0.1))
    (fp_line (start 1 0.62) (end 1 -0.62) (layer B.Fab) (width 0.1))
    (fp_line (start -1 0.62) (end 1 0.62) (layer B.Fab) (width 0.1))
    (fp_line (start 0.5 0.85) (end -0.5 0.85) (layer B.SilkS) (width 0.12))
    (fp_line (start -0.5 -0.85) (end 0.5 -0.85) (layer B.SilkS) (width 0.12))
    (fp_line (start -2.25 0.88) (end 2.25 0.88) (layer B.CrtYd) (width 0.05))
    (fp_line (start -2.25 0.88) (end -2.25 -0.87) (layer B.CrtYd) (width 0.05))
    (fp_line (start 2.25 -0.87) (end 2.25 0.88) (layer B.CrtYd) (width 0.05))
    (fp_line (start 2.25 -0.87) (end -2.25 -0.87) (layer B.CrtYd) (width 0.05))
    (pad 1 smd rect (at -1.25 0 270) (size 1.5 1.25) (layers B.Cu B.Paste B.Mask)
      (net 18 GND))
    (pad 2 smd rect (at 1.25 0 270) (size 1.5 1.25) (layers B.Cu B.Paste B.Mask)
      (net 52 +5V))
    (model Capacitors_SMD.3dshapes/C_0805.wrl
      (at (xyz 0 0 0))
      (scale (xyz 1 1 1))
      (rotate (xyz 0 0 0))
    )
  )

  (module Capacitors_SMD:C_1206_HandSoldering (layer B.Cu) (tedit 58AA84D1) (tstamp 5BBAD881)
    (at 81.28 61.69 90)
    (descr "Capacitor SMD 1206, hand soldering")
    (tags "capacitor 1206")
    (path /5BAEBD85)
    (attr smd)
    (fp_text reference C1 (at 0 1.75 90) (layer B.SilkS)
      (effects (font (size 1 1) (thickness 0.15)) (justify mirror))
    )
    (fp_text value 0,1 (at 0 -2 90) (layer B.Fab)
      (effects (font (size 1 1) (thickness 0.15)) (justify mirror))
    )
    (fp_text user %R (at 0 1.75 90) (layer B.Fab)
      (effects (font (size 1 1) (thickness 0.15)) (justify mirror))
    )
    (fp_line (start -1.6 -0.8) (end -1.6 0.8) (layer B.Fab) (width 0.1))
    (fp_line (start 1.6 -0.8) (end -1.6 -0.8) (layer B.Fab) (width 0.1))
    (fp_line (start 1.6 0.8) (end 1.6 -0.8) (layer B.Fab) (width 0.1))
    (fp_line (start -1.6 0.8) (end 1.6 0.8) (layer B.Fab) (width 0.1))
    (fp_line (start 1 1.02) (end -1 1.02) (layer B.SilkS) (width 0.12))
    (fp_line (start -1 -1.02) (end 1 -1.02) (layer B.SilkS) (width 0.12))
    (fp_line (start -3.25 1.05) (end 3.25 1.05) (layer B.CrtYd) (width 0.05))
    (fp_line (start -3.25 1.05) (end -3.25 -1.05) (layer B.CrtYd) (width 0.05))
    (fp_line (start 3.25 -1.05) (end 3.25 1.05) (layer B.CrtYd) (width 0.05))
    (fp_line (start 3.25 -1.05) (end -3.25 -1.05) (layer B.CrtYd) (width 0.05))
    (pad 1 smd rect (at -2 0 90) (size 2 1.6) (layers B.Cu B.Paste B.Mask)
      (net 52 +5V))
    (pad 2 smd rect (at 2 0 90) (size 2 1.6) (layers B.Cu B.Paste B.Mask)
      (net 18 GND))
    (model Capacitors_SMD.3dshapes/C_1206.wrl
      (at (xyz 0 0 0))
      (scale (xyz 1 1 1))
      (rotate (xyz 0 0 0))
    )
  )

  (module Capacitors_SMD:C_1206_HandSoldering (layer B.Cu) (tedit 58AA84D1) (tstamp 5BBAA66F)
    (at 85.09 69.31 90)
    (descr "Capacitor SMD 1206, hand soldering")
    (tags "capacitor 1206")
    (path /5BB9DE09)
    (attr smd)
    (fp_text reference C15 (at 0 1.75 90) (layer B.SilkS)
      (effects (font (size 1 1) (thickness 0.15)) (justify mirror))
    )
    (fp_text value 0,1 (at 0 -2 90) (layer B.Fab)
      (effects (font (size 1 1) (thickness 0.15)) (justify mirror))
    )
    (fp_line (start 3.25 -1.05) (end -3.25 -1.05) (layer B.CrtYd) (width 0.05))
    (fp_line (start 3.25 -1.05) (end 3.25 1.05) (layer B.CrtYd) (width 0.05))
    (fp_line (start -3.25 1.05) (end -3.25 -1.05) (layer B.CrtYd) (width 0.05))
    (fp_line (start -3.25 1.05) (end 3.25 1.05) (layer B.CrtYd) (width 0.05))
    (fp_line (start -1 -1.02) (end 1 -1.02) (layer B.SilkS) (width 0.12))
    (fp_line (start 1 1.02) (end -1 1.02) (layer B.SilkS) (width 0.12))
    (fp_line (start -1.6 0.8) (end 1.6 0.8) (layer B.Fab) (width 0.1))
    (fp_line (start 1.6 0.8) (end 1.6 -0.8) (layer B.Fab) (width 0.1))
    (fp_line (start 1.6 -0.8) (end -1.6 -0.8) (layer B.Fab) (width 0.1))
    (fp_line (start -1.6 -0.8) (end -1.6 0.8) (layer B.Fab) (width 0.1))
    (fp_text user %R (at 0 1.75 90) (layer B.Fab)
      (effects (font (size 1 1) (thickness 0.15)) (justify mirror))
    )
    (pad 2 smd rect (at 2 0 90) (size 2 1.6) (layers B.Cu B.Paste B.Mask)
      (net 52 +5V))
    (pad 1 smd rect (at -2 0 90) (size 2 1.6) (layers B.Cu B.Paste B.Mask)
      (net 17 /Reset))
    (model Capacitors_SMD.3dshapes/C_1206.wrl
      (at (xyz 0 0 0))
      (scale (xyz 1 1 1))
      (rotate (xyz 0 0 0))
    )
  )

  (module Capacitors_SMD:C_1206_HandSoldering (layer F.Cu) (tedit 58AA84D1) (tstamp 5BBAA65E)
    (at 157.226 42.132 90)
    (descr "Capacitor SMD 1206, hand soldering")
    (tags "capacitor 1206")
    (path /5BABD985)
    (attr smd)
    (fp_text reference C14 (at 0 -1.75 90) (layer F.SilkS)
      (effects (font (size 1 1) (thickness 0.15)))
    )
    (fp_text value 0,1 (at 0 2 90) (layer F.Fab)
      (effects (font (size 1 1) (thickness 0.15)))
    )
    (fp_text user %R (at 0 -1.75 90) (layer F.Fab)
      (effects (font (size 1 1) (thickness 0.15)))
    )
    (fp_line (start -1.6 0.8) (end -1.6 -0.8) (layer F.Fab) (width 0.1))
    (fp_line (start 1.6 0.8) (end -1.6 0.8) (layer F.Fab) (width 0.1))
    (fp_line (start 1.6 -0.8) (end 1.6 0.8) (layer F.Fab) (width 0.1))
    (fp_line (start -1.6 -0.8) (end 1.6 -0.8) (layer F.Fab) (width 0.1))
    (fp_line (start 1 -1.02) (end -1 -1.02) (layer F.SilkS) (width 0.12))
    (fp_line (start -1 1.02) (end 1 1.02) (layer F.SilkS) (width 0.12))
    (fp_line (start -3.25 -1.05) (end 3.25 -1.05) (layer F.CrtYd) (width 0.05))
    (fp_line (start -3.25 -1.05) (end -3.25 1.05) (layer F.CrtYd) (width 0.05))
    (fp_line (start 3.25 1.05) (end 3.25 -1.05) (layer F.CrtYd) (width 0.05))
    (fp_line (start 3.25 1.05) (end -3.25 1.05) (layer F.CrtYd) (width 0.05))
    (pad 1 smd rect (at -2 0 90) (size 2 1.6) (layers F.Cu F.Paste F.Mask)
      (net 18 GND))
    (pad 2 smd rect (at 2 0 90) (size 2 1.6) (layers F.Cu F.Paste F.Mask)
      (net 52 +5V))
    (model Capacitors_SMD.3dshapes/C_1206.wrl
      (at (xyz 0 0 0))
      (scale (xyz 1 1 1))
      (rotate (xyz 0 0 0))
    )
  )

  (module Capacitors_SMD:C_1206_HandSoldering (layer F.Cu) (tedit 58AA84D1) (tstamp 5BBAA64D)
    (at 156.21 54.388 270)
    (descr "Capacitor SMD 1206, hand soldering")
    (tags "capacitor 1206")
    (path /5BABD97D)
    (attr smd)
    (fp_text reference C13 (at 0 -1.75 270) (layer F.SilkS)
      (effects (font (size 1 1) (thickness 0.15)))
    )
    (fp_text value 0,1 (at 0 2 270) (layer F.Fab)
      (effects (font (size 1 1) (thickness 0.15)))
    )
    (fp_line (start 3.25 1.05) (end -3.25 1.05) (layer F.CrtYd) (width 0.05))
    (fp_line (start 3.25 1.05) (end 3.25 -1.05) (layer F.CrtYd) (width 0.05))
    (fp_line (start -3.25 -1.05) (end -3.25 1.05) (layer F.CrtYd) (width 0.05))
    (fp_line (start -3.25 -1.05) (end 3.25 -1.05) (layer F.CrtYd) (width 0.05))
    (fp_line (start -1 1.02) (end 1 1.02) (layer F.SilkS) (width 0.12))
    (fp_line (start 1 -1.02) (end -1 -1.02) (layer F.SilkS) (width 0.12))
    (fp_line (start -1.6 -0.8) (end 1.6 -0.8) (layer F.Fab) (width 0.1))
    (fp_line (start 1.6 -0.8) (end 1.6 0.8) (layer F.Fab) (width 0.1))
    (fp_line (start 1.6 0.8) (end -1.6 0.8) (layer F.Fab) (width 0.1))
    (fp_line (start -1.6 0.8) (end -1.6 -0.8) (layer F.Fab) (width 0.1))
    (fp_text user %R (at 0 -1.75 270) (layer F.Fab)
      (effects (font (size 1 1) (thickness 0.15)))
    )
    (pad 2 smd rect (at 2 0 270) (size 2 1.6) (layers F.Cu F.Paste F.Mask)
      (net 18 GND))
    (pad 1 smd rect (at -2 0 270) (size 2 1.6) (layers F.Cu F.Paste F.Mask)
      (net 52 +5V))
    (model Capacitors_SMD.3dshapes/C_1206.wrl
      (at (xyz 0 0 0))
      (scale (xyz 1 1 1))
      (rotate (xyz 0 0 0))
    )
  )

  (module Capacitors_SMD:C_1206_HandSoldering (layer F.Cu) (tedit 58AA84D1) (tstamp 5BBAA63C)
    (at 118.904 114.3)
    (descr "Capacitor SMD 1206, hand soldering")
    (tags "capacitor 1206")
    (path /5BAB6FF3)
    (attr smd)
    (fp_text reference C12 (at 0 -1.75) (layer F.SilkS)
      (effects (font (size 1 1) (thickness 0.15)))
    )
    (fp_text value 0,1 (at 0 2) (layer F.Fab)
      (effects (font (size 1 1) (thickness 0.15)))
    )
    (fp_text user %R (at 0 -1.75) (layer F.Fab)
      (effects (font (size 1 1) (thickness 0.15)))
    )
    (fp_line (start -1.6 0.8) (end -1.6 -0.8) (layer F.Fab) (width 0.1))
    (fp_line (start 1.6 0.8) (end -1.6 0.8) (layer F.Fab) (width 0.1))
    (fp_line (start 1.6 -0.8) (end 1.6 0.8) (layer F.Fab) (width 0.1))
    (fp_line (start -1.6 -0.8) (end 1.6 -0.8) (layer F.Fab) (width 0.1))
    (fp_line (start 1 -1.02) (end -1 -1.02) (layer F.SilkS) (width 0.12))
    (fp_line (start -1 1.02) (end 1 1.02) (layer F.SilkS) (width 0.12))
    (fp_line (start -3.25 -1.05) (end 3.25 -1.05) (layer F.CrtYd) (width 0.05))
    (fp_line (start -3.25 -1.05) (end -3.25 1.05) (layer F.CrtYd) (width 0.05))
    (fp_line (start 3.25 1.05) (end 3.25 -1.05) (layer F.CrtYd) (width 0.05))
    (fp_line (start 3.25 1.05) (end -3.25 1.05) (layer F.CrtYd) (width 0.05))
    (pad 1 smd rect (at -2 0) (size 2 1.6) (layers F.Cu F.Paste F.Mask)
      (net 18 GND))
    (pad 2 smd rect (at 2 0) (size 2 1.6) (layers F.Cu F.Paste F.Mask)
      (net 52 +5V))
    (model Capacitors_SMD.3dshapes/C_1206.wrl
      (at (xyz 0 0 0))
      (scale (xyz 1 1 1))
      (rotate (xyz 0 0 0))
    )
  )

  (module Capacitors_SMD:C_1206_HandSoldering (layer F.Cu) (tedit 58AA84D1) (tstamp 5BBAA62B)
    (at 104.172 115.316)
    (descr "Capacitor SMD 1206, hand soldering")
    (tags "capacitor 1206")
    (path /5BAB6B06)
    (attr smd)
    (fp_text reference C11 (at 0 -1.75) (layer F.SilkS)
      (effects (font (size 1 1) (thickness 0.15)))
    )
    (fp_text value 0,1 (at 0 2) (layer F.Fab)
      (effects (font (size 1 1) (thickness 0.15)))
    )
    (fp_line (start 3.25 1.05) (end -3.25 1.05) (layer F.CrtYd) (width 0.05))
    (fp_line (start 3.25 1.05) (end 3.25 -1.05) (layer F.CrtYd) (width 0.05))
    (fp_line (start -3.25 -1.05) (end -3.25 1.05) (layer F.CrtYd) (width 0.05))
    (fp_line (start -3.25 -1.05) (end 3.25 -1.05) (layer F.CrtYd) (width 0.05))
    (fp_line (start -1 1.02) (end 1 1.02) (layer F.SilkS) (width 0.12))
    (fp_line (start 1 -1.02) (end -1 -1.02) (layer F.SilkS) (width 0.12))
    (fp_line (start -1.6 -0.8) (end 1.6 -0.8) (layer F.Fab) (width 0.1))
    (fp_line (start 1.6 -0.8) (end 1.6 0.8) (layer F.Fab) (width 0.1))
    (fp_line (start 1.6 0.8) (end -1.6 0.8) (layer F.Fab) (width 0.1))
    (fp_line (start -1.6 0.8) (end -1.6 -0.8) (layer F.Fab) (width 0.1))
    (fp_text user %R (at 0 -1.75) (layer F.Fab)
      (effects (font (size 1 1) (thickness 0.15)))
    )
    (pad 2 smd rect (at 2 0) (size 2 1.6) (layers F.Cu F.Paste F.Mask)
      (net 18 GND))
    (pad 1 smd rect (at -2 0) (size 2 1.6) (layers F.Cu F.Paste F.Mask)
      (net 52 +5V))
    (model Capacitors_SMD.3dshapes/C_1206.wrl
      (at (xyz 0 0 0))
      (scale (xyz 1 1 1))
      (rotate (xyz 0 0 0))
    )
  )

  (module Capacitors_SMD:C_1206_HandSoldering (layer F.Cu) (tedit 58AA84D1) (tstamp 5BBAA61A)
    (at 83.788 116.332 180)
    (descr "Capacitor SMD 1206, hand soldering")
    (tags "capacitor 1206")
    (path /5BACB152)
    (attr smd)
    (fp_text reference C10 (at 0 -1.75 180) (layer F.SilkS)
      (effects (font (size 1 1) (thickness 0.15)))
    )
    (fp_text value 0,1 (at 0 2 180) (layer F.Fab)
      (effects (font (size 1 1) (thickness 0.15)))
    )
    (fp_text user %R (at 0 -1.75 180) (layer F.Fab)
      (effects (font (size 1 1) (thickness 0.15)))
    )
    (fp_line (start -1.6 0.8) (end -1.6 -0.8) (layer F.Fab) (width 0.1))
    (fp_line (start 1.6 0.8) (end -1.6 0.8) (layer F.Fab) (width 0.1))
    (fp_line (start 1.6 -0.8) (end 1.6 0.8) (layer F.Fab) (width 0.1))
    (fp_line (start -1.6 -0.8) (end 1.6 -0.8) (layer F.Fab) (width 0.1))
    (fp_line (start 1 -1.02) (end -1 -1.02) (layer F.SilkS) (width 0.12))
    (fp_line (start -1 1.02) (end 1 1.02) (layer F.SilkS) (width 0.12))
    (fp_line (start -3.25 -1.05) (end 3.25 -1.05) (layer F.CrtYd) (width 0.05))
    (fp_line (start -3.25 -1.05) (end -3.25 1.05) (layer F.CrtYd) (width 0.05))
    (fp_line (start 3.25 1.05) (end 3.25 -1.05) (layer F.CrtYd) (width 0.05))
    (fp_line (start 3.25 1.05) (end -3.25 1.05) (layer F.CrtYd) (width 0.05))
    (pad 1 smd rect (at -2 0 180) (size 2 1.6) (layers F.Cu F.Paste F.Mask)
      (net 18 GND))
    (pad 2 smd rect (at 2 0 180) (size 2 1.6) (layers F.Cu F.Paste F.Mask)
      (net 52 +5V))
    (model Capacitors_SMD.3dshapes/C_1206.wrl
      (at (xyz 0 0 0))
      (scale (xyz 1 1 1))
      (rotate (xyz 0 0 0))
    )
  )

  (module Capacitors_SMD:C_1206_HandSoldering (layer F.Cu) (tedit 58AA84D1) (tstamp 5BBAA609)
    (at 67.088 114.3)
    (descr "Capacitor SMD 1206, hand soldering")
    (tags "capacitor 1206")
    (path /5BACB14A)
    (attr smd)
    (fp_text reference C9 (at 0 -1.75) (layer F.SilkS)
      (effects (font (size 1 1) (thickness 0.15)))
    )
    (fp_text value 0,1 (at 0 2) (layer F.Fab)
      (effects (font (size 1 1) (thickness 0.15)))
    )
    (fp_line (start 3.25 1.05) (end -3.25 1.05) (layer F.CrtYd) (width 0.05))
    (fp_line (start 3.25 1.05) (end 3.25 -1.05) (layer F.CrtYd) (width 0.05))
    (fp_line (start -3.25 -1.05) (end -3.25 1.05) (layer F.CrtYd) (width 0.05))
    (fp_line (start -3.25 -1.05) (end 3.25 -1.05) (layer F.CrtYd) (width 0.05))
    (fp_line (start -1 1.02) (end 1 1.02) (layer F.SilkS) (width 0.12))
    (fp_line (start 1 -1.02) (end -1 -1.02) (layer F.SilkS) (width 0.12))
    (fp_line (start -1.6 -0.8) (end 1.6 -0.8) (layer F.Fab) (width 0.1))
    (fp_line (start 1.6 -0.8) (end 1.6 0.8) (layer F.Fab) (width 0.1))
    (fp_line (start 1.6 0.8) (end -1.6 0.8) (layer F.Fab) (width 0.1))
    (fp_line (start -1.6 0.8) (end -1.6 -0.8) (layer F.Fab) (width 0.1))
    (fp_text user %R (at 0 -1.75) (layer F.Fab)
      (effects (font (size 1 1) (thickness 0.15)))
    )
    (pad 2 smd rect (at 2 0) (size 2 1.6) (layers F.Cu F.Paste F.Mask)
      (net 18 GND))
    (pad 1 smd rect (at -2 0) (size 2 1.6) (layers F.Cu F.Paste F.Mask)
      (net 52 +5V))
    (model Capacitors_SMD.3dshapes/C_1206.wrl
      (at (xyz 0 0 0))
      (scale (xyz 1 1 1))
      (rotate (xyz 0 0 0))
    )
  )

  (module Capacitors_SMD:C_1206_HandSoldering (layer F.Cu) (tedit 58AA84D1) (tstamp 5BBAA5F8)
    (at 158.528 117.856)
    (descr "Capacitor SMD 1206, hand soldering")
    (tags "capacitor 1206")
    (path /5BABA0CC)
    (attr smd)
    (fp_text reference C8 (at 0 -1.75) (layer F.SilkS)
      (effects (font (size 1 1) (thickness 0.15)))
    )
    (fp_text value 0,1 (at 0 2) (layer F.Fab)
      (effects (font (size 1 1) (thickness 0.15)))
    )
    (fp_text user %R (at 0 -1.75) (layer F.Fab)
      (effects (font (size 1 1) (thickness 0.15)))
    )
    (fp_line (start -1.6 0.8) (end -1.6 -0.8) (layer F.Fab) (width 0.1))
    (fp_line (start 1.6 0.8) (end -1.6 0.8) (layer F.Fab) (width 0.1))
    (fp_line (start 1.6 -0.8) (end 1.6 0.8) (layer F.Fab) (width 0.1))
    (fp_line (start -1.6 -0.8) (end 1.6 -0.8) (layer F.Fab) (width 0.1))
    (fp_line (start 1 -1.02) (end -1 -1.02) (layer F.SilkS) (width 0.12))
    (fp_line (start -1 1.02) (end 1 1.02) (layer F.SilkS) (width 0.12))
    (fp_line (start -3.25 -1.05) (end 3.25 -1.05) (layer F.CrtYd) (width 0.05))
    (fp_line (start -3.25 -1.05) (end -3.25 1.05) (layer F.CrtYd) (width 0.05))
    (fp_line (start 3.25 1.05) (end 3.25 -1.05) (layer F.CrtYd) (width 0.05))
    (fp_line (start 3.25 1.05) (end -3.25 1.05) (layer F.CrtYd) (width 0.05))
    (pad 1 smd rect (at -2 0) (size 2 1.6) (layers F.Cu F.Paste F.Mask)
      (net 18 GND))
    (pad 2 smd rect (at 2 0) (size 2 1.6) (layers F.Cu F.Paste F.Mask)
      (net 52 +5V))
    (model Capacitors_SMD.3dshapes/C_1206.wrl
      (at (xyz 0 0 0))
      (scale (xyz 1 1 1))
      (rotate (xyz 0 0 0))
    )
  )

  (module Capacitors_SMD:C_1206_HandSoldering (layer F.Cu) (tedit 58AA84D1) (tstamp 5BBAA5E7)
    (at 141.256 117.348)
    (descr "Capacitor SMD 1206, hand soldering")
    (tags "capacitor 1206")
    (path /5BABA0C4)
    (attr smd)
    (fp_text reference C7 (at 0 -1.75) (layer F.SilkS)
      (effects (font (size 1 1) (thickness 0.15)))
    )
    (fp_text value 0,1 (at 0 2) (layer F.Fab)
      (effects (font (size 1 1) (thickness 0.15)))
    )
    (fp_line (start 3.25 1.05) (end -3.25 1.05) (layer F.CrtYd) (width 0.05))
    (fp_line (start 3.25 1.05) (end 3.25 -1.05) (layer F.CrtYd) (width 0.05))
    (fp_line (start -3.25 -1.05) (end -3.25 1.05) (layer F.CrtYd) (width 0.05))
    (fp_line (start -3.25 -1.05) (end 3.25 -1.05) (layer F.CrtYd) (width 0.05))
    (fp_line (start -1 1.02) (end 1 1.02) (layer F.SilkS) (width 0.12))
    (fp_line (start 1 -1.02) (end -1 -1.02) (layer F.SilkS) (width 0.12))
    (fp_line (start -1.6 -0.8) (end 1.6 -0.8) (layer F.Fab) (width 0.1))
    (fp_line (start 1.6 -0.8) (end 1.6 0.8) (layer F.Fab) (width 0.1))
    (fp_line (start 1.6 0.8) (end -1.6 0.8) (layer F.Fab) (width 0.1))
    (fp_line (start -1.6 0.8) (end -1.6 -0.8) (layer F.Fab) (width 0.1))
    (fp_text user %R (at 0 -1.75) (layer F.Fab)
      (effects (font (size 1 1) (thickness 0.15)))
    )
    (pad 2 smd rect (at 2 0) (size 2 1.6) (layers F.Cu F.Paste F.Mask)
      (net 18 GND))
    (pad 1 smd rect (at -2 0) (size 2 1.6) (layers F.Cu F.Paste F.Mask)
      (net 52 +5V))
    (model Capacitors_SMD.3dshapes/C_1206.wrl
      (at (xyz 0 0 0))
      (scale (xyz 1 1 1))
      (rotate (xyz 0 0 0))
    )
  )

  (module Capacitors_SMD:C_1206_HandSoldering (layer F.Cu) (tedit 58AA84D1) (tstamp 5BBAED6A)
    (at 48.26 94.71 270)
    (descr "Capacitor SMD 1206, hand soldering")
    (tags "capacitor 1206")
    (path /5BAE1214)
    (attr smd)
    (fp_text reference C6 (at 0 -1.75 270) (layer F.SilkS)
      (effects (font (size 1 1) (thickness 0.15)))
    )
    (fp_text value 0,1 (at 0 2 270) (layer F.Fab)
      (effects (font (size 1 1) (thickness 0.15)))
    )
    (fp_text user %R (at 0 -1.75 270) (layer F.Fab)
      (effects (font (size 1 1) (thickness 0.15)))
    )
    (fp_line (start -1.6 0.8) (end -1.6 -0.8) (layer F.Fab) (width 0.1))
    (fp_line (start 1.6 0.8) (end -1.6 0.8) (layer F.Fab) (width 0.1))
    (fp_line (start 1.6 -0.8) (end 1.6 0.8) (layer F.Fab) (width 0.1))
    (fp_line (start -1.6 -0.8) (end 1.6 -0.8) (layer F.Fab) (width 0.1))
    (fp_line (start 1 -1.02) (end -1 -1.02) (layer F.SilkS) (width 0.12))
    (fp_line (start -1 1.02) (end 1 1.02) (layer F.SilkS) (width 0.12))
    (fp_line (start -3.25 -1.05) (end 3.25 -1.05) (layer F.CrtYd) (width 0.05))
    (fp_line (start -3.25 -1.05) (end -3.25 1.05) (layer F.CrtYd) (width 0.05))
    (fp_line (start 3.25 1.05) (end 3.25 -1.05) (layer F.CrtYd) (width 0.05))
    (fp_line (start 3.25 1.05) (end -3.25 1.05) (layer F.CrtYd) (width 0.05))
    (pad 1 smd rect (at -2 0 270) (size 2 1.6) (layers F.Cu F.Paste F.Mask)
      (net 18 GND))
    (pad 2 smd rect (at 2 0 270) (size 2 1.6) (layers F.Cu F.Paste F.Mask)
      (net 52 +5V))
    (model Capacitors_SMD.3dshapes/C_1206.wrl
      (at (xyz 0 0 0))
      (scale (xyz 1 1 1))
      (rotate (xyz 0 0 0))
    )
  )

  (module Capacitors_SMD:C_1206_HandSoldering (layer B.Cu) (tedit 58AA84D1) (tstamp 5BBAA5C5)
    (at 63.5 88.9 270)
    (descr "Capacitor SMD 1206, hand soldering")
    (tags "capacitor 1206")
    (path /5BAE120C)
    (attr smd)
    (fp_text reference C5 (at 0 1.75 270) (layer B.SilkS)
      (effects (font (size 1 1) (thickness 0.15)) (justify mirror))
    )
    (fp_text value 0,1 (at 0 -2 270) (layer B.Fab)
      (effects (font (size 1 1) (thickness 0.15)) (justify mirror))
    )
    (fp_line (start 3.25 -1.05) (end -3.25 -1.05) (layer B.CrtYd) (width 0.05))
    (fp_line (start 3.25 -1.05) (end 3.25 1.05) (layer B.CrtYd) (width 0.05))
    (fp_line (start -3.25 1.05) (end -3.25 -1.05) (layer B.CrtYd) (width 0.05))
    (fp_line (start -3.25 1.05) (end 3.25 1.05) (layer B.CrtYd) (width 0.05))
    (fp_line (start -1 -1.02) (end 1 -1.02) (layer B.SilkS) (width 0.12))
    (fp_line (start 1 1.02) (end -1 1.02) (layer B.SilkS) (width 0.12))
    (fp_line (start -1.6 0.8) (end 1.6 0.8) (layer B.Fab) (width 0.1))
    (fp_line (start 1.6 0.8) (end 1.6 -0.8) (layer B.Fab) (width 0.1))
    (fp_line (start 1.6 -0.8) (end -1.6 -0.8) (layer B.Fab) (width 0.1))
    (fp_line (start -1.6 -0.8) (end -1.6 0.8) (layer B.Fab) (width 0.1))
    (fp_text user %R (at 0 1.75 270) (layer B.Fab)
      (effects (font (size 1 1) (thickness 0.15)) (justify mirror))
    )
    (pad 2 smd rect (at 2 0 270) (size 2 1.6) (layers B.Cu B.Paste B.Mask)
      (net 18 GND))
    (pad 1 smd rect (at -2 0 270) (size 2 1.6) (layers B.Cu B.Paste B.Mask)
      (net 52 +5V))
    (model Capacitors_SMD.3dshapes/C_1206.wrl
      (at (xyz 0 0 0))
      (scale (xyz 1 1 1))
      (rotate (xyz 0 0 0))
    )
  )

  (module Capacitors_SMD:C_1206_HandSoldering (layer B.Cu) (tedit 58AA84D1) (tstamp 5BBAA5B4)
    (at 141.732 61.436 90)
    (descr "Capacitor SMD 1206, hand soldering")
    (tags "capacitor 1206")
    (path /5BAF3754)
    (attr smd)
    (fp_text reference C4 (at 0 1.75 90) (layer B.SilkS)
      (effects (font (size 1 1) (thickness 0.15)) (justify mirror))
    )
    (fp_text value 0,1 (at 0 -2 90) (layer B.Fab)
      (effects (font (size 1 1) (thickness 0.15)) (justify mirror))
    )
    (fp_text user %R (at 0 1.75 90) (layer B.Fab)
      (effects (font (size 1 1) (thickness 0.15)) (justify mirror))
    )
    (fp_line (start -1.6 -0.8) (end -1.6 0.8) (layer B.Fab) (width 0.1))
    (fp_line (start 1.6 -0.8) (end -1.6 -0.8) (layer B.Fab) (width 0.1))
    (fp_line (start 1.6 0.8) (end 1.6 -0.8) (layer B.Fab) (width 0.1))
    (fp_line (start -1.6 0.8) (end 1.6 0.8) (layer B.Fab) (width 0.1))
    (fp_line (start 1 1.02) (end -1 1.02) (layer B.SilkS) (width 0.12))
    (fp_line (start -1 -1.02) (end 1 -1.02) (layer B.SilkS) (width 0.12))
    (fp_line (start -3.25 1.05) (end 3.25 1.05) (layer B.CrtYd) (width 0.05))
    (fp_line (start -3.25 1.05) (end -3.25 -1.05) (layer B.CrtYd) (width 0.05))
    (fp_line (start 3.25 -1.05) (end 3.25 1.05) (layer B.CrtYd) (width 0.05))
    (fp_line (start 3.25 -1.05) (end -3.25 -1.05) (layer B.CrtYd) (width 0.05))
    (pad 1 smd rect (at -2 0 90) (size 2 1.6) (layers B.Cu B.Paste B.Mask)
      (net 52 +5V))
    (pad 2 smd rect (at 2 0 90) (size 2 1.6) (layers B.Cu B.Paste B.Mask)
      (net 18 GND))
    (model Capacitors_SMD.3dshapes/C_1206.wrl
      (at (xyz 0 0 0))
      (scale (xyz 1 1 1))
      (rotate (xyz 0 0 0))
    )
  )

  (module Capacitors_SMD:C_1206_HandSoldering (layer B.Cu) (tedit 58AA84D1) (tstamp 5BBAA5A3)
    (at 121.412 61.436 90)
    (descr "Capacitor SMD 1206, hand soldering")
    (tags "capacitor 1206")
    (path /5BAEFBA8)
    (attr smd)
    (fp_text reference C3 (at 0 1.75 90) (layer B.SilkS)
      (effects (font (size 1 1) (thickness 0.15)) (justify mirror))
    )
    (fp_text value 0,1 (at 0 -2 90) (layer B.Fab)
      (effects (font (size 1 1) (thickness 0.15)) (justify mirror))
    )
    (fp_line (start 3.25 -1.05) (end -3.25 -1.05) (layer B.CrtYd) (width 0.05))
    (fp_line (start 3.25 -1.05) (end 3.25 1.05) (layer B.CrtYd) (width 0.05))
    (fp_line (start -3.25 1.05) (end -3.25 -1.05) (layer B.CrtYd) (width 0.05))
    (fp_line (start -3.25 1.05) (end 3.25 1.05) (layer B.CrtYd) (width 0.05))
    (fp_line (start -1 -1.02) (end 1 -1.02) (layer B.SilkS) (width 0.12))
    (fp_line (start 1 1.02) (end -1 1.02) (layer B.SilkS) (width 0.12))
    (fp_line (start -1.6 0.8) (end 1.6 0.8) (layer B.Fab) (width 0.1))
    (fp_line (start 1.6 0.8) (end 1.6 -0.8) (layer B.Fab) (width 0.1))
    (fp_line (start 1.6 -0.8) (end -1.6 -0.8) (layer B.Fab) (width 0.1))
    (fp_line (start -1.6 -0.8) (end -1.6 0.8) (layer B.Fab) (width 0.1))
    (fp_text user %R (at 0 1.75 90) (layer B.Fab)
      (effects (font (size 1 1) (thickness 0.15)) (justify mirror))
    )
    (pad 2 smd rect (at 2 0 90) (size 2 1.6) (layers B.Cu B.Paste B.Mask)
      (net 18 GND))
    (pad 1 smd rect (at -2 0 90) (size 2 1.6) (layers B.Cu B.Paste B.Mask)
      (net 52 +5V))
    (model Capacitors_SMD.3dshapes/C_1206.wrl
      (at (xyz 0 0 0))
      (scale (xyz 1 1 1))
      (rotate (xyz 0 0 0))
    )
  )

  (module Capacitors_SMD:C_1206_HandSoldering (layer B.Cu) (tedit 58AA84D1) (tstamp 5BBAA592)
    (at 101.6 61.436 90)
    (descr "Capacitor SMD 1206, hand soldering")
    (tags "capacitor 1206")
    (path /5BAEBF87)
    (attr smd)
    (fp_text reference C2 (at 0 1.75 90) (layer B.SilkS)
      (effects (font (size 1 1) (thickness 0.15)) (justify mirror))
    )
    (fp_text value 0,1 (at 0 -2 90) (layer B.Fab)
      (effects (font (size 1 1) (thickness 0.15)) (justify mirror))
    )
    (fp_text user %R (at 0 1.75 90) (layer B.Fab)
      (effects (font (size 1 1) (thickness 0.15)) (justify mirror))
    )
    (fp_line (start -1.6 -0.8) (end -1.6 0.8) (layer B.Fab) (width 0.1))
    (fp_line (start 1.6 -0.8) (end -1.6 -0.8) (layer B.Fab) (width 0.1))
    (fp_line (start 1.6 0.8) (end 1.6 -0.8) (layer B.Fab) (width 0.1))
    (fp_line (start -1.6 0.8) (end 1.6 0.8) (layer B.Fab) (width 0.1))
    (fp_line (start 1 1.02) (end -1 1.02) (layer B.SilkS) (width 0.12))
    (fp_line (start -1 -1.02) (end 1 -1.02) (layer B.SilkS) (width 0.12))
    (fp_line (start -3.25 1.05) (end 3.25 1.05) (layer B.CrtYd) (width 0.05))
    (fp_line (start -3.25 1.05) (end -3.25 -1.05) (layer B.CrtYd) (width 0.05))
    (fp_line (start 3.25 -1.05) (end 3.25 1.05) (layer B.CrtYd) (width 0.05))
    (fp_line (start 3.25 -1.05) (end -3.25 -1.05) (layer B.CrtYd) (width 0.05))
    (pad 1 smd rect (at -2 0 90) (size 2 1.6) (layers B.Cu B.Paste B.Mask)
      (net 52 +5V))
    (pad 2 smd rect (at 2 0 90) (size 2 1.6) (layers B.Cu B.Paste B.Mask)
      (net 18 GND))
    (model Capacitors_SMD.3dshapes/C_1206.wrl
      (at (xyz 0 0 0))
      (scale (xyz 1 1 1))
      (rotate (xyz 0 0 0))
    )
  )

  (module Connector_PinHeader_2.54mm:PinHeader_1x02_P2.54mm_Horizontal (layer F.Cu) (tedit 59FED5CB) (tstamp 5BBAE9C7)
    (at 192.405 109.855)
    (descr "Through hole angled pin header, 1x02, 2.54mm pitch, 6mm pin length, single row")
    (tags "Through hole angled pin header THT 1x02 2.54mm single row")
    (path /5BC11A5F/5BC121F8)
    (fp_text reference J1 (at 4.385 -2.27) (layer F.SilkS)
      (effects (font (size 1 1) (thickness 0.15)))
    )
    (fp_text value ~Select (at 4.385 4.81) (layer F.Fab)
      (effects (font (size 1 1) (thickness 0.15)))
    )
    (fp_line (start 2.135 -1.27) (end 4.04 -1.27) (layer F.Fab) (width 0.1))
    (fp_line (start 4.04 -1.27) (end 4.04 3.81) (layer F.Fab) (width 0.1))
    (fp_line (start 4.04 3.81) (end 1.5 3.81) (layer F.Fab) (width 0.1))
    (fp_line (start 1.5 3.81) (end 1.5 -0.635) (layer F.Fab) (width 0.1))
    (fp_line (start 1.5 -0.635) (end 2.135 -1.27) (layer F.Fab) (width 0.1))
    (fp_line (start -0.32 -0.32) (end 1.5 -0.32) (layer F.Fab) (width 0.1))
    (fp_line (start -0.32 -0.32) (end -0.32 0.32) (layer F.Fab) (width 0.1))
    (fp_line (start -0.32 0.32) (end 1.5 0.32) (layer F.Fab) (width 0.1))
    (fp_line (start 4.04 -0.32) (end 10.04 -0.32) (layer F.Fab) (width 0.1))
    (fp_line (start 10.04 -0.32) (end 10.04 0.32) (layer F.Fab) (width 0.1))
    (fp_line (start 4.04 0.32) (end 10.04 0.32) (layer F.Fab) (width 0.1))
    (fp_line (start -0.32 2.22) (end 1.5 2.22) (layer F.Fab) (width 0.1))
    (fp_line (start -0.32 2.22) (end -0.32 2.86) (layer F.Fab) (width 0.1))
    (fp_line (start -0.32 2.86) (end 1.5 2.86) (layer F.Fab) (width 0.1))
    (fp_line (start 4.04 2.22) (end 10.04 2.22) (layer F.Fab) (width 0.1))
    (fp_line (start 10.04 2.22) (end 10.04 2.86) (layer F.Fab) (width 0.1))
    (fp_line (start 4.04 2.86) (end 10.04 2.86) (layer F.Fab) (width 0.1))
    (fp_line (start 1.44 -1.33) (end 1.44 3.87) (layer F.SilkS) (width 0.12))
    (fp_line (start 1.44 3.87) (end 4.1 3.87) (layer F.SilkS) (width 0.12))
    (fp_line (start 4.1 3.87) (end 4.1 -1.33) (layer F.SilkS) (width 0.12))
    (fp_line (start 4.1 -1.33) (end 1.44 -1.33) (layer F.SilkS) (width 0.12))
    (fp_line (start 4.1 -0.38) (end 10.1 -0.38) (layer F.SilkS) (width 0.12))
    (fp_line (start 10.1 -0.38) (end 10.1 0.38) (layer F.SilkS) (width 0.12))
    (fp_line (start 10.1 0.38) (end 4.1 0.38) (layer F.SilkS) (width 0.12))
    (fp_line (start 4.1 -0.32) (end 10.1 -0.32) (layer F.SilkS) (width 0.12))
    (fp_line (start 4.1 -0.2) (end 10.1 -0.2) (layer F.SilkS) (width 0.12))
    (fp_line (start 4.1 -0.08) (end 10.1 -0.08) (layer F.SilkS) (width 0.12))
    (fp_line (start 4.1 0.04) (end 10.1 0.04) (layer F.SilkS) (width 0.12))
